hour,bus_id,demandP,demandQ
1,1,68.226931740120,6.822693174012
1,2,82.461037518901,8.246103751890
1,3,378.198367822358,37.819836782236
1,4,87.718064244801,8.771806424480
1,5,99.052782272446,9.905278227245
1,6,84.278176155567,8.427817615557
1,7,568.667529152993,56.866752915299
1,8,1298.078536979976,129.807853697998
1,9,328.633605568386,32.863360556839
1,10,721.995064125629,72.199506412563
1,11,598.015081885609,59.801508188561
1,12,328.138049008401,32.813804900840
1,13,353.675294670075,35.367529467008
1,14,379.290604443081,37.929060444308
1,15,112.201554559826,11.220155455983
1,16,483.368717983994,48.336871798399
1,17,521.220411973658,52.122041197366
1,18,544.175740395281,54.417574039528
1,19,512.305461084637,51.230546108464
1,20,264.564267053942,26.456426705394
1,21,798.572138588965,79.857213858896
1,22,644.866033067029,64.486603306703
1,23,377.370065741736,37.737006574174
1,24,617.385042439494,61.738504243949
1,25,499.262512300952,49.926251230095
1,26,589.273517042544,58.927351704254
1,27,33.566025683873,3.356602568387
1,28,133.595013254459,13.359501325446
1,29,649.700279840968,64.970027984097
1,30,504.804843892818,50.480484389282
1,31,410.551645872631,41.055164587263
1,32,169.271634008560,16.927163400856
1,33,488.125341271880,48.812534127188
1,34,1091.641335973442,109.164133597344
1,35,665.037197247085,66.503719724708
1,36,767.196387712666,76.719638771267
1,37,940.567746160709,94.056774616071
1,38,380.940672662739,38.094067266274
1,39,734.941809724134,73.494180972413
1,40,1114.046617175991,111.404661717599
1,41,201.294736852297,20.129473685230
1,42,1228.504099709457,122.850409970946
1,43,640.308719278817,64.030871927882
1,44,197.553314199446,19.755331419945
1,45,361.710390321227,36.171039032123
1,46,1137.889144590082,113.788914459008
1,47,2882.098129385596,288.209812938560
1,48,201.039174192437,20.103917419244
1,49,411.312018223259,41.131201822326
1,50,489.122109082883,48.912210908288
1,51,1959.546228869249,195.954622886925
1,52,450.949125829744,45.094912582974
1,53,935.898440114939,93.589844011494
1,54,402.116829658944,40.211682965894
1,55,1170.492110296537,117.049211029654
1,56,162.622965787156,16.262296578716
1,57,1843.006791908473,184.300679190847
1,58,1379.624028613689,137.962402861369
1,59,125.274098674523,12.527409867452
1,60,182.437517244144,18.243751724414
1,61,873.409771339242,87.340977133924
1,62,1028.005352417576,102.800535241758
1,63,142.424409402464,14.242440940246
1,64,518.950530866291,51.895053086629
1,65,123.414880324036,12.341488032404
1,66,35.651284800754,3.565128480075
1,67,28.246430168835,2.824643016884
1,68,44.596491958700,4.459649195870
1,69,46.404818089853,4.640481808985
1,70,255.944608537133,25.594460853713
1,71,288.647669618701,28.864766961870
1,72,100.775627100127,10.077562710013
1,73,327.265904712854,32.726590471285
1,74,93.069605092322,9.306960509232
1,75,193.148383319054,19.314838331905
1,76,85.982881909403,8.598288190940
1,77,354.587756178343,35.458775617834
1,78,85.819556807239,8.581955680724
1,79,156.434897853867,15.643489785387
1,80,41.509544715239,4.150954471524
1,81,226.572160476446,22.657216047645
1,82,98.514999123549,9.851499912355
1,83,259.071799555767,25.907179955577
1,84,377.909537954189,37.790953795419
1,85,244.000726065942,24.400072606594
1,86,238.942494776895,23.894249477689
1,87,54.663090443104,5.466309044310
1,88,15.370404927065,1.537040492707
1,89,82.912237801139,8.291223780114
1,90,166.049047617754,16.604904761775
1,91,55.585319144981,5.558531914498
1,92,28.211106709239,2.821110670924
1,93,109.989321926019,10.998932192602
1,94,40.656641056726,4.065664105673
1,95,62.475890642703,6.247589064270
1,96,161.635597982033,16.163559798203
1,97,50.293850210038,5.029385021004
1,98,259.295196570509,25.929519657051
1,99,831.932098518939,83.193209851894
1,100,194.961409453145,19.496140945315
1,101,304.056041757016,30.405604175702
1,102,89.513024742594,8.951302474259
1,103,93.839818074109,9.383981807411
1,104,198.239074003407,19.823907400341
1,105,132.893244065485,13.289324406549
1,106,157.276712442943,15.727671244294
1,107,29.862863992455,2.986286399245
1,108,816.311785623053,81.631178562305
1,109,427.476356459450,42.747635645945
1,110,250.163531483427,25.016353148343
1,111,158.419033469992,15.841903346999
1,112,29.287627695130,2.928762769513
1,113,622.552328484257,62.255232848426
1,114,68.863341513210,6.886334151321
1,115,30.028612533634,3.002861253363
1,116,42.390501516299,4.239050151630
1,117,255.959810109142,25.595981010914
1,118,92.960183148876,9.296018314888
1,119,93.650202330500,9.365020233050
1,120,38.398803706893,3.839880370689
1,121,89.360935584958,8.936093558496
1,122,73.999710351135,7.399971035114
1,123,60.186181397933,6.018618139793
1,124,116.964420039115,11.696442003911
1,125,24.910676519740,2.491067651974
1,126,414.997481466107,41.499748146611
1,127,327.015629556299,32.701562955630
1,128,494.088396564415,49.408839656442
1,129,58.480888143730,5.848088814373
1,130,73.980029088823,7.398002908882
1,131,189.585707653012,18.958570765301
1,132,101.770412097390,10.177041209739
1,133,304.604253037435,30.460425303744
1,134,693.982312227962,69.398231222796
1,135,147.280540565092,14.728054056509
1,136,169.365560629814,16.936556062981
1,137,2015.595012366638,201.559501236664
1,138,43.555661620135,4.355566162014
1,139,46.209988280482,4.620998828048
1,140,53.437050613687,5.343705061369
1,141,55.544708182078,5.554470818208
1,142,75.473455022998,7.547345502300
1,143,108.515577254157,10.851557725416
1,144,49.918217162570,4.991821716257
1,145,155.060954806932,15.506095480693
1,146,45.351723681117,4.535172368112
1,147,61.476552517592,6.147655251759
1,148,332.841136325299,33.284113632530
1,149,1316.754292412119,131.675429241212
1,150,732.244815849599,73.224481584960
1,151,618.862312113562,61.886231211356
1,152,277.355692242793,27.735569224279
1,153,217.338417200513,21.733841720051
1,154,148.761041491182,14.876104149118
1,155,416.846859185438,41.684685918544
1,156,449.079919973009,44.907991997301
1,157,211.411199430393,21.141119943039
1,158,553.080410027864,55.308041002786
1,159,384.672181246890,38.467218124689
1,160,1097.843503915549,109.784350391555
1,161,181.027442924608,18.102744292461
1,162,65.320347109480,6.532034710948
1,163,68.704128913618,6.870412891362
1,164,57.779265829849,5.777926582985
1,165,1684.734486655262,168.473448665526
1,166,541.138730683054,54.113873068305
1,167,2248.497929928134,224.849792992813
1,168,143.190583319223,14.319058331922
1,169,40.353564304645,4.035356430464
1,170,177.321270293806,17.732127029381
1,171,49.638787300279,4.963878730028
1,172,523.509827468244,52.350982746824
1,173,54.324249606151,5.432424960615
1,174,393.925679222677,39.392567922268
1,175,178.605619534698,17.860561953470
1,176,517.561019059617,51.756101905962
1,177,661.755199881619,66.175519988162
1,178,748.019935092327,74.801993509233
1,179,399.259080996353,39.925908099635
1,180,373.425294524187,37.342529452419
1,181,338.534088323880,33.853408832388
1,182,611.166718237281,61.116671823728
1,183,276.473927628727,27.647392762873
1,184,546.262027637801,54.626202763780
1,185,312.180364026478,31.218036402648
1,186,467.477126793414,46.747712679341
1,187,64.608737289351,6.460873728935
1,188,59.007215035461,5.900721503546
1,189,107.711876751422,10.771187675142
1,190,193.276238086530,19.327623808653
1,191,268.999894828536,26.899989482854
1,192,134.367135612440,13.436713561244
1,193,38.326908349422,3.832690834942
2,1,65.930796762926,6.593079676293
2,2,79.685862559780,7.968586255978
2,3,365.470336845053,36.547033684505
2,4,84.765967319038,8.476596731904
2,5,95.719222457233,9.571922245723
2,6,81.441846525179,8.144184652518
2,7,549.529376948574,54.952937694857
2,8,1254.392510716063,125.439251071606
2,9,317.573645854804,31.757364585480
2,10,697.696769041582,69.769676904158
2,11,577.889256036697,57.788925603670
2,12,317.094766942803,31.709476694280
2,13,341.772572475931,34.177257247593
2,14,366.525814921250,36.652581492125
2,15,108.425480986685,10.842548098668
2,16,467.101244246904,46.710124424690
2,17,503.679063004324,50.367906300432
2,18,525.861844117171,52.586184411717
2,19,495.064139245853,49.506413924585
2,20,255.660521101943,25.566052110194
2,21,771.696689664903,77.169668966490
2,22,623.163467579110,62.316346757911
2,23,364.669910756074,36.466991075607
2,24,596.607332608696,59.660733260870
2,25,482.460142795861,48.246014279586
2,26,569.441883124584,56.944188312458
2,27,32.436381954447,3.243638195445
2,28,129.098956127330,12.909895612733
2,29,627.835020782886,62.783502078289
2,30,487.815950663169,48.781595066317
2,31,396.734785433654,39.673478543365
2,32,163.574902386884,16.357490238688
2,33,471.697786334799,47.169778633480
2,34,1054.902825386048,105.490282538605
2,35,642.655783767276,64.265578376728
2,36,741.376870180877,74.137687018088
2,37,908.913523329660,90.891352332966
2,38,368.120351120673,36.812035112067
2,39,710.207799964793,71.020779996479
2,40,1076.554070777064,107.655407077706
2,41,194.520287610284,19.452028761028
2,42,1187.159557883744,118.715955788374
2,43,618.759527353569,61.875952735357
2,44,190.904780211110,19.090478021111
2,45,349.537251977636,34.953725197764
2,46,1099.594192751779,109.959419275178
2,47,2785.102908381144,278.510290838114
2,48,194.273325752882,19.427332575288
2,49,397.469567925476,39.746956792548
2,50,472.661008544723,47.266100854472
2,51,1893.598918609507,189.359891860951
2,52,435.772713314274,43.577271331427
2,53,904.401359876375,90.440135987638
2,54,388.583837716475,38.858383771648
2,55,1131.099925913702,113.109992591370
2,56,157.149990961594,15.714999096159
2,57,1780.981543957607,178.098154395761
2,58,1333.193639518310,133.319363951831
2,59,121.058076755221,12.105807675522
2,60,176.297696006214,17.629769600621
2,61,844.015708404765,84.401570840476
2,62,993.408471300013,99.340847130001
2,63,137.631204436411,13.763120443641
2,64,501.485573334646,50.148557333465
2,65,119.261429242612,11.926142924261
2,66,34.451462971967,3.445146297197
2,67,27.295814119757,2.729581411976
2,68,43.095624743440,4.309562474344
2,69,44.843092782721,4.484309278272
2,70,247.330951834456,24.733095183446
2,71,278.933411723862,27.893341172386
2,72,97.384086013175,9.738408601318
2,73,316.251974121389,31.625197412139
2,74,89.937405385904,8.993740538590
2,75,186.648094541351,18.664809454135
2,76,83.089181466531,8.308918146653
2,77,342.654325659334,34.265432565933
2,78,82.931352969156,8.293135296916
2,79,151.170178608038,15.117017860804
2,80,40.112566790581,4.011256679058
2,81,218.947015255054,21.894701525505
2,82,95.199538065920,9.519953806592
2,83,250.352899183250,25.035289918325
2,84,365.191227366558,36.519122736656
2,85,235.789033303399,23.578903330340
2,86,230.901033644139,23.090103364414
2,87,52.823438113346,5.282343811335
2,88,14.853123503637,1.485312350364
2,89,80.121877976989,8.012187797699
2,90,160.460770137869,16.046077013787
2,91,53.714629781528,5.371462978153
2,92,27.261679449236,2.726167944924
2,93,106.287699667023,10.628769966702
2,94,39.288367074523,3.928836707452
2,95,60.373303378740,6.037330337874
2,96,156.195852406196,15.619585240620
2,97,48.601241944361,4.860124194436
2,98,250.568777910325,25.056877791033
2,99,803.933940880308,80.393394088031
2,100,188.400104407895,18.840010440789
2,101,293.823224675855,29.382322467585
2,102,86.500519537042,8.650051953704
2,103,90.681697328561,9.068169732856
2,104,191.567461195143,19.156746119514
2,105,128.420804544185,12.842080454418
2,106,151.983662450398,15.198366245040
2,107,28.857847867833,2.885784786783
2,108,788.839319905195,78.883931990520
2,109,413.089905406237,41.308990540624
2,110,241.744433335419,24.174443333542
2,111,153.087539373359,15.308753937336
2,112,28.301970790523,2.830197079052
2,113,601.600716853656,60.160071685366
2,114,66.545788560701,6.654578856070
2,115,29.018018244890,2.901801824489
2,116,40.963875538113,4.096387553811
2,117,247.345641807007,24.734564180701
2,118,89.831665969947,8.983166596995
2,119,90.498462984936,9.049846298494
2,120,37.106515837206,3.710651583721
2,121,86.353548845467,8.635354884547
2,122,71.509296098202,7.150929609820
2,123,58.160652875297,5.816065287530
2,124,113.028055188910,11.302805518891
2,125,24.072323186185,2.407232318619
2,126,401.030999193806,40.103099919381
2,127,316.010121819654,31.601012181965
2,128,477.460158708157,47.746015870816
2,129,56.512750205537,5.651275020554
2,130,71.490277196539,7.149027719654
2,131,183.205318510255,18.320531851026
2,132,98.345392139723,9.834539213972
2,133,294.352986246404,29.435298624640
2,134,670.626768896034,67.062676889603
2,135,142.323905523379,14.232390552338
2,136,163.665667966085,16.366566796609
2,137,1947.761415138756,194.776141513876
2,138,42.089822902930,4.208982290293
2,139,44.654819849477,4.465481984948
2,140,51.638659892269,5.163865989227
2,141,53.675385555336,5.367538555534
2,142,72.933442809228,7.293344280923
2,143,104.863552955999,10.486355295600
2,144,48.238250593609,4.823825059361
2,145,149.842474760291,14.984247476029
2,146,43.825439611698,4.382543961170
2,147,59.407597357031,5.940759735703
2,148,321.639574779534,32.163957477953
2,149,1272.439745208168,127.243974520817
2,150,707.601571742626,70.760157174263
2,151,598.034885690166,59.803488569017
2,152,268.021458827338,26.802145882734
2,153,210.024027869287,21.002402786929
2,154,143.754581111096,14.375458111110
2,155,402.818137255583,40.281813725558
2,156,433.966414418731,43.396641441873
2,157,204.296286928805,20.429628692881
2,158,534.466832628499,53.446683262850
2,159,371.726278102967,37.172627810297
2,160,1060.896263221391,106.089626322139
2,161,174.935076861386,17.493507686139
2,162,63.122031431269,6.312203143127
2,163,66.391934162180,6.639193416218
2,164,55.834740554494,5.583474055449
2,165,1628.035794754099,162.803579475410
2,166,522.927043078975,52.292704307898
2,167,2172.826129784422,217.282612978442
2,168,138.371593246264,13.837159324626
2,169,38.995490182137,3.899549018214
2,170,171.353633166682,17.135363316668
2,171,47.968224769638,4.796822476964
2,172,505.891429643563,50.589142964356
2,173,52.496000754134,5.249600075413
2,174,380.668355356442,38.066835535644
2,175,172.594758432235,17.259475843224
2,176,500.142824684092,50.014282468409
2,177,639.484239983023,63.948423998302
2,178,722.845789153207,72.284578915321
2,179,385.822264808721,38.582226480872
2,180,360.857898361743,36.085789836174
2,181,327.140934017396,32.714093401740
2,182,590.598282242138,59.059828224214
2,183,267.169369453244,26.716936945324
2,184,527.877918659400,52.787791865940
2,185,301.674127929494,30.167412792949
2,186,451.744474679476,45.174447467948
2,187,62.434370397293,6.243437039729
2,188,57.021363892897,5.702136389290
2,189,104.086900494095,10.408690049410
2,190,186.771646436103,18.677164643610
2,191,259.946870581013,25.994687058101
2,192,129.845093187312,12.984509318731
2,193,37.037040073298,3.703704007330
3,1,64.532533645646,6.453253364565
3,2,77.995881427189,7.799588142719
3,3,357.719426533627,35.771942653363
3,4,82.968247110545,8.296824711055
3,5,93.689205151997,9.368920515200
3,6,79.714624410621,7.971462441062
3,7,537.874934755013,53.787493475501
3,8,1227.789301465713,122.778930146571
3,9,310.838530585143,31.083853058514
3,10,682.899986550022,68.289998655002
3,11,565.633356331829,56.563335633183
3,12,310.369807757296,31.036980775730
3,13,334.524245350303,33.452424535030
3,14,358.752519986287,35.875251998629
3,15,106.125988814883,10.612598881488
3,16,457.194941366711,45.719494136671
3,17,492.997016201863,49.299701620186
3,18,514.709343957681,51.470934395768
3,19,484.564798109654,48.456479810965
3,20,250.238461992194,25.023846199219
3,21,755.330513737052,75.533051373705
3,22,609.947390487165,60.994739048717
3,23,356.935975914887,35.693597591489
3,24,583.954459146766,58.395445914677
3,25,472.228107747736,47.222810774774
3,26,557.365135660564,55.736513566056
3,27,31.748469798494,3.174846979849
3,28,126.361020023186,12.636102002319
3,29,614.519869193651,61.451986919365
3,30,477.470329416002,47.747032941600
3,31,388.320817378503,38.832081737850
3,32,160.105798961020,16.010579896102
3,33,461.693999796223,46.169399979622
3,34,1032.530401792327,103.253040179233
3,35,629.026312811850,62.902631281185
3,36,725.653718262876,72.565371826288
3,37,889.637247008615,88.963724700862
3,38,360.313239194769,36.031323919477
3,39,695.145683001970,69.514568300197
3,40,1053.722466658310,105.372246665831
3,41,190.394893149996,19.039489315000
3,42,1161.982227931489,116.198222793149
3,43,605.636849211591,60.563684921159
3,44,186.856063584168,18.685606358417
3,45,342.124251201790,34.212425120179
3,46,1076.273952754853,107.627395275485
3,47,2726.036328484929,272.603632848493
3,48,190.153168870078,19.015316887008
3,49,389.040016572263,38.904001657226
3,50,462.636793948912,46.263679394891
3,51,1853.439392912681,185.343939291268
3,52,426.530827238858,42.653082723886
3,53,885.220777708072,88.522077770807
3,54,380.342735304141,38.034273530414
3,55,1107.111510999648,110.711151099965
3,56,153.817147328101,15.381714732810
3,57,1743.210412290159,174.321041229016
3,58,1304.919212606198,130.491921260620
3,59,118.490671959791,11.849067195979
3,60,172.558767036898,17.255876703690
3,61,826.115787678630,82.611578767863
3,62,972.340222560248,97.234022256025
3,63,134.712316050423,13.471231605042
3,64,490.850046153575,49.085004615357
3,65,116.732127823373,11.673212782337
3,66,33.720814892841,3.372081489284
3,67,26.716923343159,2.671692334316
3,68,42.181650917042,4.218165091704
3,69,43.892058580476,4.389205858048
3,70,242.085546580892,24.208554658089
3,71,273.017780168656,27.301778016866
3,72,95.318760211458,9.531876021146
3,73,309.544888921570,30.954488892157
3,74,88.030009100870,8.803000910087
3,75,182.689653883547,18.268965388355
3,76,81.327022603088,8.132702260309
3,77,335.387298275019,33.538729827502
3,78,81.172541339139,8.117254133914
3,79,147.964155087037,14.796415508704
3,80,39.261857783008,3.926185778301
3,81,214.303577725085,21.430357772509
3,82,93.180542249165,9.318054224917
3,83,245.043404342914,24.504340434291
3,84,357.446236420718,35.744623642072
3,85,230.788409544630,23.078840954463
3,86,226.004074788215,22.600407478821
3,87,51.703156410890,5.170315641089
3,88,14.538117834189,1.453811783419
3,89,78.422649811049,7.842264981105
3,90,157.057711360028,15.705771136003
3,91,52.575447648602,5.257544764860
3,92,26.683512602170,2.668351260217
3,93,104.033545651574,10.403354565157
3,94,38.455137729275,3.845513772928
3,95,59.092903815446,5.909290381545
3,96,152.883244183410,15.288324418341
3,97,47.570504756259,4.757050475626
3,98,245.254704704844,24.525470470484
3,99,786.884075969611,78.688407596961
3,100,184.404507050979,18.440450705098
3,101,287.591809339835,28.759180933984
3,102,84.666012871984,8.466601287198
3,103,88.758516068629,8.875851606863
3,104,187.504690401954,18.750469040195
3,105,125.697250707406,12.569725070741
3,106,148.760386529775,14.876038652977
3,107,28.245829413653,2.824582941365
3,108,772.109582352503,77.210958235250
3,109,404.329077277204,40.432907727720
3,110,236.617507201701,23.661750720170
3,111,149.840852384416,14.984085238442
3,112,27.701741400833,2.770174140083
3,113,588.841943488147,58.884194348815
3,114,65.134482671447,6.513448267145
3,115,28.402602890602,2.840260289060
3,116,40.095111938733,4.009511193873
3,117,242.099925007887,24.209992500789
3,118,87.926512210904,8.792651221090
3,119,88.579167766689,8.857916776669
3,120,36.319559284981,3.631955928498
3,121,84.522159141032,8.452215914103
3,122,69.992723931839,6.999272393184
3,123,56.927179297162,5.692717929716
3,124,110.630951429392,11.063095142939
3,125,23.561796341203,2.356179634120
3,126,392.525916856110,39.252591685611
3,127,309.308165833646,30.930816583365
3,128,467.334163533355,46.733416353335
3,129,55.314225416696,5.531422541670
3,130,69.974108383845,6.997410838384
3,131,179.319892391661,17.931989239166
3,132,96.259678917146,9.625967891715
3,133,288.110335704662,28.811033570466
3,134,656.404088108787,65.640408810879
3,135,139.305494134903,13.930549413490
3,136,160.194639579990,16.019463957999
3,137,1906.453208932138,190.645320893214
3,138,41.197180164367,4.119718016437
3,139,43.707778547537,4.370777854754
3,140,50.543505016274,5.054350501627
3,141,52.537035715615,5.253703571561
3,142,71.386667279377,7.138666727938
3,143,102.639602304036,10.263960230404
3,144,47.215211741376,4.721521174138
3,145,146.664609238467,14.666460923847
3,146,42.895987840805,4.289598784081
3,147,58.147678527759,5.814767852776
3,148,314.818229117824,31.481822911782
3,149,1245.453789447867,124.545378944787
3,150,692.594727777813,69.259472777781
3,151,585.351736622301,58.535173662230
3,152,262.337248429192,26.233724842919
3,153,205.569829431975,20.556982943197
3,154,140.705827894440,14.070582789444
3,155,394.275153218531,39.427515321853
3,156,424.762836406443,42.476283640644
3,157,199.963562662830,19.996356266283
3,158,523.131837509888,52.313183750989
3,159,363.842691525603,36.384269152560
3,160,1038.396730545384,103.839673054538
3,161,171.225046376341,17.122504637634
3,162,61.783336727555,6.178333672756
3,163,64.983891223497,6.498389122350
3,164,54.650595022916,5.465059502292
3,165,1593.508342983695,159.350834298370
3,166,511.836784303629,51.183678430363
3,167,2126.744741621249,212.674474162125
3,168,135.437002663183,13.543700266318
3,169,38.168472182370,3.816847218237
3,170,167.719558090500,16.771955809050
3,171,46.950912636463,4.695091263646
3,172,495.162462876148,49.516246287615
3,173,51.382663356997,5.138266335700
3,174,372.595124827704,37.259512482770
3,175,168.934361519099,16.893436151910
3,176,489.535774573009,48.953577457301
3,177,625.922031261880,62.592203126188
3,178,707.515645182880,70.751564518288
3,179,377.639729951038,37.763972995104
3,180,353.204808840124,35.320480884012
3,181,320.202915297043,32.020291529704
3,182,578.072848973713,57.807284897371
3,183,261.503230202468,26.150323020247
3,184,516.682661506024,51.668266150602
3,185,295.276210306290,29.527621030629
3,186,442.163858815685,44.216385881568
3,187,61.110259637778,6.111025963778
3,188,55.812052403531,5.581205240353
3,189,101.879421120288,10.187942112029
3,190,182.810585484507,18.281058548451
3,191,254.433906390806,25.443390639081
3,192,127.091332976944,12.709133297694
3,193,36.251556966004,3.625155696600
4,1,63.813103196377,6.381310319638
4,2,77.126357036215,7.712635703622
4,3,353.731449722482,35.373144972248
4,4,82.043289109957,8.204328910996
4,5,92.644726295421,9.264472629542
4,6,78.825938893206,7.882593889321
4,7,531.878523579121,53.187852357912
4,8,1214.101492249800,121.410149224980
4,9,307.373197813042,30.737319781304
4,10,675.286787185696,67.528678718570
4,11,559.327484910418,55.932748491042
4,12,306.909700465362,30.690970046536
4,13,330.794856241776,33.079485624178
4,14,354.753025900910,35.475302590091
4,15,104.942860499614,10.494286049961
4,16,452.097977967178,45.209797796718
4,17,487.500919197492,48.750091919749
4,18,508.971190600806,50.897119060081
4,19,479.162706316417,47.916270631642
4,20,247.448719222695,24.744871922270
4,21,746.909834427786,74.690983442779
4,22,603.147491267678,60.314749126768
4,23,352.956733275465,35.295673327546
4,24,577.444337892214,57.744433789221
4,25,466.963549539314,46.696354953931
4,26,551.151441151729,55.115144115173
4,27,31.394527149719,3.139452714972
4,28,124.952304755558,12.495230475556
4,29,607.668994439433,60.766899443943
4,30,472.147329152437,47.214732915244
4,31,383.991685941620,38.399168594162
4,32,158.320885517057,15.832088551706
4,33,456.546879375969,45.654687937597
4,34,1021.019404642822,102.101940464282
4,35,622.013715331745,62.201371533175
4,36,717.563885878327,71.756388587833
4,37,879.719270940663,87.971927094066
4,38,356.296345685290,35.629634568529
4,39,687.395964483623,68.739596448362
4,40,1041.975213222463,104.197521322246
4,41,188.272306668740,18.827230666874
4,42,1149.028058165373,114.902805816537
4,43,598.885005360013,59.888500536001
4,44,184.772929168414,18.477292916841
4,45,338.310134664860,33.831013466486
4,46,1064.275287746305,106.427528774631
4,47,2695.645556114290,269.564555611429
4,48,188.033277212618,18.803327721262
4,49,384.702867260211,38.470286726021
4,50,457.479162941478,45.747916294148
4,51,1832.776625471101,183.277662547110
4,52,421.775717725376,42.177571772538
4,53,875.352037929378,87.535203792938
4,54,376.102546216904,37.610254621690
4,55,1094.769058491539,109.476905849154
4,56,152.102341893447,15.210234189345
4,57,1723.776514700291,172.377651470029
4,58,1290.371533128122,129.037153312812
4,59,117.169697986721,11.716969798672
4,60,170.635023704948,17.063502370495
4,61,816.905970262482,81.690597026248
4,62,961.500245828512,96.150024582851
4,63,133.210497718132,13.321049771813
4,64,485.377884295386,48.537788429539
4,65,115.430758693420,11.543075869342
4,66,33.344883875763,3.334488387576
4,67,26.419074071203,2.641907407120
4,68,41.711395646471,4.171139564647
4,69,43.402735108423,4.340273510842
4,70,239.386695262043,23.938669526204
4,71,269.974085877593,26.997408587759
4,72,94.256114525497,9.425611452550
4,73,306.093978103027,30.609397810303
4,74,87.048620870488,8.704862087049
4,75,180.652968008296,18.065296800830
4,76,80.420361526827,8.042036152683
4,77,331.648287561414,33.164828756141
4,78,80.267602472109,8.026760247211
4,79,146.314600783862,14.631460078386
4,80,38.824153351022,3.882415335102
4,81,211.914449164764,21.191444916476
4,82,92.141734138182,9.214173413818
4,83,242.311577828169,24.231157782817
4,84,353.461305225087,35.346130522509
4,85,228.215502519524,22.821550251952
4,86,223.484505140533,22.348450514053
4,87,51.126752185860,5.112675218586
4,88,14.376041993461,1.437604199346
4,89,77.548367662200,7.754836766220
4,90,155.306779024637,15.530677902464
4,91,51.989318826665,5.198931882666
4,92,26.386035804422,2.638603580442
4,93,102.873744598386,10.287374459839
4,94,38.026426884522,3.802642688452
4,95,58.434116194089,5.843411619409
4,96,151.178850215980,15.117885021598
4,97,47.040172725648,4.704017272565
4,98,242.520522542401,24.252052254240
4,99,778.111626906850,77.811162690685
4,100,182.348703414268,18.234870341427
4,101,284.385638856346,28.438563885635
4,102,83.722127606099,8.372212760610
4,103,87.769006196874,8.776900619687
4,104,185.414324875681,18.541432487568
4,105,124.295935363972,12.429593536397
4,106,147.101955569940,14.710195556994
4,107,27.930935381186,2.793093538119
4,108,763.501844327418,76.350184432742
4,109,399.821480360038,39.982148036004
4,110,233.979615429998,23.397961543000
4,111,148.170376026836,14.817037602684
4,112,27.392913045031,2.739291304503
4,113,582.277334909809,58.227733490981
4,114,64.408341491425,6.440834149142
4,115,28.085961094539,2.808596109454
4,116,39.648118108396,3.964811810840
4,117,239.400913393485,23.940091339348
4,118,86.946277798757,8.694627779876
4,119,87.591657330291,8.759165733029
4,120,35.914656588969,3.591465658897
4,121,83.579877605055,8.357987760506
4,122,69.212421439761,6.921242143976
4,123,56.292535903146,5.629253590315
4,124,109.397600271556,10.939760027156
4,125,23.299121489161,2.329912148916
4,126,388.149905552042,38.814990555204
4,127,305.859894083924,30.585989408392
4,128,462.124164665563,46.212416466556
4,129,54.697563776522,5.469756377652
4,130,69.194013424174,6.919401342417
4,131,177.320773754004,17.732077375400
4,132,95.186543552121,9.518654355212
4,133,284.898384514380,28.489838451438
4,134,649.086273956268,64.908627395627
4,135,137.752469504235,13.775246950423
4,136,158.408735710845,15.840873571085
4,137,1885.199425590178,188.519942559018
4,138,40.737900105769,4.073790010577
4,139,43.220509491440,4.322050949144
4,140,49.980028976094,4.998002897609
4,141,51.951335122862,5.195133512286
4,142,70.590824636740,7.059082463674
4,143,101.495341401406,10.149534140141
4,144,46.688840637121,4.668884063712
4,145,145.029542710695,14.502954271070
4,146,42.417768901291,4.241776890129
4,147,57.499428596695,5.749942859670
4,148,311.308529324291,31.130852932429
4,149,1231.569050562419,123.156905056242
4,150,684.873448168639,68.487344816864
4,151,578.826038047209,57.882603804721
4,152,259.412624308066,25.941262430807
4,153,203.278067643162,20.327806764316
4,154,139.137191870745,13.913719187075
4,155,389.879640837548,38.987964083755
4,156,420.027437051031,42.002743705103
4,157,197.734301426725,19.773430142672
4,158,517.299787354330,51.729978735433
4,159,359.786450491199,35.978645049120
4,160,1026.820333584469,102.682033358447
4,161,169.316171812124,16.931617181212
4,162,61.094555252721,6.109455525272
4,163,64.259428887725,6.425942888773
4,164,54.041331758188,5.404133175819
4,165,1575.743374550848,157.574337455085
4,166,506.130655210574,50.613065521057
4,167,2103.035073977537,210.303507397754
4,168,133.927105280125,13.392710528013
4,169,37.742957181814,3.774295718181
4,170,165.849763891952,16.584976389195
4,171,46.427488027767,4.642748802777
4,172,489.642224741935,48.964222474193
4,173,50.809832096620,5.080983209662
4,174,368.441308715011,36.844130871501
4,175,167.051024282225,16.705102428222
4,176,484.078264657650,48.407826465765
4,177,618.944041359442,61.894404135944
4,178,699.628022154258,69.962802215426
4,179,373.429674879090,37.342967487909
4,180,349.267162509621,34.926716250962
4,181,316.633185205949,31.663318520595
4,182,571.628297892998,57.162829789300
4,183,258.587903997814,25.858790399781
4,184,510.922508939601,51.092250893960
4,185,291.984371529193,29.198437152919
4,186,437.234466993801,43.723446699380
4,187,60.428981853343,6.042898185334
4,188,55.189840820212,5.518984082021
4,189,100.743634973872,10.074363497387
4,190,180.772551422983,18.077255142298
4,191,251.597391392200,25.159739139220
4,192,125.674475934203,12.567447593420
4,193,35.847412382778,3.584741238278
5,1,64.068963631746,6.406896363175
5,2,77.435597337992,7.743559733799
5,3,355.149745937468,35.514974593747
5,4,82.372243989431,8.237224398943
5,5,93.016187936015,9.301618793602
5,6,79.141993716329,7.914199371633
5,7,534.011105506506,53.401110550651
5,8,1218.969466393517,121.896946639352
5,9,308.605619310731,30.860561931073
5,10,677.994368586920,67.799436858692
5,11,561.570124221707,56.157012422171
5,12,308.140263557374,30.814026355737
5,13,332.121187538904,33.212118753890
5,14,356.175418154371,35.617541815437
5,15,105.363631855832,10.536363185583
5,16,453.910677548902,45.391067754890
5,17,489.455567869650,48.945556786965
5,18,511.011924931138,51.101192493114
5,19,481.083922689077,48.108392268908
5,20,248.440871834945,24.844087183494
5,21,749.904590455097,74.990459045510
5,22,605.565828129202,60.556582812920
5,23,354.371923243029,35.437192324303
5,24,579.759617236025,57.975961723602
5,25,468.835853049134,46.883585304913
5,26,553.361298385186,55.336129838519
5,27,31.520404390950,3.152040439095
5,28,125.453304542339,12.545330454234
5,29,610.105460395329,61.010546039533
5,30,474.040417172681,47.404041717268
5,31,385.531311426391,38.553131142639
5,32,158.955677568650,15.895567756865
5,33,458.377416953252,45.837741695325
5,34,1025.113210715678,102.511321071568
5,35,624.507696850260,62.450769685026
5,36,720.440978498028,72.044097849803
5,37,883.246530145933,88.324653014593
5,38,357.724925922913,35.772492592291
5,39,690.152097972431,69.015209797243
5,40,1046.153042200303,104.615304220030
5,41,189.027189787402,18.902718978740
5,42,1153.635118541511,115.363511854151
5,43,601.286251664184,60.128625166418
5,44,185.513781434384,18.551378143438
5,45,339.666598682586,33.966659868259
5,46,1068.542529501314,106.854252950131
5,47,2706.453822928519,270.645382292852
5,48,188.787201935940,18.878720193594
5,49,386.245344246518,38.624534424652
5,50,459.313438535985,45.931343853599
5,51,1840.125194994288,184.012519499429
5,52,423.466839350249,42.346683935025
5,53,878.861786590829,87.886178659083
5,54,377.610539973651,37.761053997365
5,55,1099.158565879594,109.915856587959
5,56,152.712200519157,15.271220051916
5,57,1730.688045207974,173.068804520797
5,58,1295.545314149852,129.554531414985
5,59,117.639493192366,11.763949319237
5,60,171.319189640590,17.131918964059
5,61,820.181377768750,82.018137776875
5,62,965.355408156989,96.535540815699
5,63,133.744608962293,13.374460896229
5,64,487.324020599282,48.732402059928
5,65,115.893581572969,11.589358157297
5,66,33.478581127244,3.347858112724
5,67,26.525002093119,2.652500209312
5,68,41.878638662645,4.187863866265
5,69,43.576759597827,4.357675959783
5,70,240.346522962054,24.034652296205
5,71,271.056554582157,27.105655458216
5,72,94.634037072604,9.463403707260
5,73,307.321270533244,30.732127053324
5,74,87.397644768695,8.739764476869
5,75,181.377301173904,18.137730117390
5,76,80.742809232426,8.074280923243
5,77,332.978040715465,33.297804071547
5,78,80.589437685974,8.058943768597
5,79,146.901253298508,14.690125329851
5,80,38.979819887857,3.897981988786
5,81,212.764126119944,21.276412611994
5,82,92.511179017548,9.251117901755
5,83,243.283132927245,24.328313292725
5,84,354.878518288100,35.487851828810
5,85,229.130539007456,22.913053900746
5,86,224.380572561165,22.438057256117
5,87,51.331746339381,5.133174633938
5,88,14.433683138917,1.443368313892
5,89,77.859300027473,7.785930002747
5,90,155.929485931318,15.592948593132
5,91,52.197771465438,5.219777146544
5,92,26.491831358477,2.649183135848
5,93,103.286219776095,10.328621977609
5,94,38.178894914611,3.817889491461
5,95,58.668409429506,5.866840942951
5,96,151.785006075789,15.178500607579
5,97,47.228781623673,4.722878162367
5,98,243.492915411196,24.349291541120
5,99,781.231487400299,78.123148740030
5,100,183.079835678767,18.307983567877
5,101,285.525891088663,28.552589108866
5,102,84.057813835830,8.405781383583
5,103,88.120918500346,8.812091850035
5,104,186.157748835812,18.615774883581
5,105,124.794303419183,12.479430341918
5,106,147.691765005786,14.769176500579
5,107,28.042925253625,2.804292525363
5,108,766.563126485946,76.656312648595
5,109,401.424575851575,40.142457585158
5,110,234.917763291063,23.491776329106
5,111,148.764469324610,14.876446932461
5,112,27.502745701753,2.750274570175
5,113,584.611992291345,58.461199229134
5,114,64.666588551511,6.466658855151
5,115,28.198572546945,2.819857254694
5,116,39.807088355143,3.980708835514
5,117,240.360798101494,24.036079810149
5,118,87.294891349534,8.729489134953
5,119,87.942858548484,8.794285854848
5,120,36.058657416554,3.605865741655
5,121,83.914993479399,8.391499347940
5,122,69.489930593767,6.948993059377
5,123,56.518242412041,5.651824241204
5,124,109.836233032413,10.983623303241
5,125,23.392539973286,2.339253997329
5,126,389.706203535509,38.970620353551
5,127,307.086247947671,30.708624794767
5,128,463.977064525368,46.397706452537
5,129,54.916875199734,5.491687519973
5,130,69.471448770724,6.947144877072
5,131,178.031746392856,17.803174639286
5,132,95.568196680628,9.556819668063
5,133,286.040692614861,28.604069261486
5,134,651.688803661429,65.168880366143
5,135,138.304791912254,13.830479191225
5,136,159.043880000266,15.904388000027
5,137,1892.758185807595,189.275818580760
5,138,40.901239864142,4.090123986414
5,139,43.393803342100,4.339380334210
5,140,50.180425310594,5.018042531059
5,141,52.159635464904,5.215963546490
5,142,70.873860537206,7.087386053721
5,143,101.902289832657,10.190228983266
5,144,46.876040859238,4.687604085924
5,145,145.611042748788,14.561104274879
5,146,42.587844140935,4.258784414094
5,147,57.729974175852,5.772997417585
5,148,312.556729644564,31.255672964456
5,149,1236.507061373385,123.650706137339
5,150,687.619467557203,68.761946755720
5,151,581.146857356724,58.114685735672
5,152,260.452746534871,26.045274653487
5,153,204.093116783278,20.409311678328
5,154,139.695066362112,13.969506636211
5,155,391.442874243383,39.144287424338
5,156,421.711548895279,42.171154889528
5,157,198.527122679985,19.852712267999
5,158,519.373915428026,51.937391542803
5,159,361.229024402385,36.122902440239
5,160,1030.937398645372,103.093739864537
5,161,169.995049773938,16.999504977394
5,162,61.339515593508,6.133951559351
5,163,64.517078878531,6.451707887853
5,164,54.258012000630,5.425801200063
5,165,1582.061362011874,158.206136201187
5,166,508.160000334220,50.816000033422
5,167,2111.467252365262,211.146725236526
5,168,134.464089782499,13.446408978250
5,169,37.894288632143,3.789428863214
5,170,166.514743193536,16.651474319354
5,171,46.613640349233,4.661364034923
5,172,491.605459039011,49.160545903901
5,173,51.013555550114,5.101355555011
5,174,369.918584524118,36.991858452412
5,175,167.720820071192,16.772082007119
5,176,486.019190099989,48.601919009999
5,177,621.425714933668,62.142571493367
5,178,702.433200422968,70.243320042297
5,179,374.926951682892,37.492695168289
5,180,350.667559039235,35.066755903924
5,181,317.902734884015,31.790273488401
5,182,573.920257660549,57.392025766055
5,183,259.624719485295,25.962471948530
5,184,512.971067135796,51.297106713580
5,185,293.155091094276,29.315509109428
5,186,438.987570909458,43.898757090946
5,187,60.671273558831,6.067127355883
5,188,55.411126042100,5.541112604210
5,189,101.147569417019,10.114756941702
5,190,181.497364061661,18.149736406166
5,191,252.606178222413,25.260617822241
5,192,126.178371286674,12.617837128667
5,193,35.991143592823,3.599114359282
6,1,65.593740765040,6.559374076504
6,2,79.278486959284,7.927848695928
6,3,363.601954008336,36.360195400834
6,4,84.332620854196,8.433262085420
6,5,95.229880000805,9.522988000080
6,6,81.025493861508,8.102549386151
6,7,546.720034704752,54.672003470475
6,8,1247.979718209396,124.797971820940
6,9,315.950123808032,31.595012380803
6,10,694.129955166169,69.412995516617
6,11,574.934930449501,57.493493044950
6,12,315.473693054062,31.547369305406
6,13,340.025338995952,34.002533899595
6,14,364.652036196211,36.465203619621
6,15,107.871180712995,10.787118071300
6,16,464.713296827438,46.471329682744
6,17,501.104119919598,50.110411991960
6,18,523.173496678321,52.317349667832
6,19,492.533237972644,49.253323797264
6,20,254.353515631194,25.435351563119
6,21,767.751568256232,76.775156825623
6,22,619.977688023523,61.997768802352
6,23,362.805619913195,36.280561991319
6,24,593.557315170539,59.355731517054
6,25,479.993676548608,47.999367654861
6,26,566.530742783831,56.653074278383
6,27,32.270558430021,3.227055843002
6,28,128.438967478323,12.843896747832
6,29,624.625358988587,62.462535898859
6,30,485.322104082994,48.532210408299
6,31,394.706570311649,39.470657031165
6,32,162.738663411170,16.273866341117
6,33,469.286340153657,46.928634015366
6,34,1049.509877902619,104.950987790262
6,35,639.370354239196,63.937035423920
6,36,737.586751858982,73.758675185898
6,37,904.266912494676,90.426691249468
6,38,366.238420696941,36.623842069694
6,39,706.577026328245,70.657702632824
6,40,1071.050436293340,107.105043629334
6,41,193.525847487176,19.352584748718
6,42,1181.090478347649,118.109047834765
6,43,615.596261927042,61.559626192704
6,44,189.928823536014,18.992882353601
6,45,347.750323363877,34.775032336388
6,46,1093.972770956436,109.397277095644
6,47,2770.864711876789,277.086471187679
6,48,193.280148165333,19.328014816533
6,49,395.437596397390,39.543759639739
6,50,470.244638112107,47.024463811211
6,51,1883.918330713648,188.391833071365
6,52,433.544925786304,43.354492578630
6,53,899.777816436751,89.977781643675
6,54,386.597292435447,38.659729243545
6,55,1125.317438321319,112.531743832132
6,56,156.346597864256,15.634659786426
6,57,1771.876686425345,177.187668642535
6,58,1326.377994408503,132.637799440850
6,59,120.439195248153,12.043919524815
6,60,175.396414681402,17.539641468140
6,61,839.700872686176,83.970087268618
6,62,988.329899524121,98.832989952412
6,63,136.927596635062,13.692759663506
6,64,498.921843960141,49.892184396014
6,65,118.651732681729,11.865173268173
6,66,34.275337810422,3.427533781042
6,67,27.156270563210,2.715627056321
6,68,42.875308297778,4.287530829778
6,69,44.613842809594,4.461384280959
6,70,246.066529366176,24.606652936618
6,71,277.507428965449,27.750742896545
6,72,96.886232325658,9.688623232566
6,73,314.635208816638,31.463520881664
6,74,89.477621136238,8.947762113624
6,75,185.693899190347,18.569389919035
6,76,82.664407182770,8.266440718277
6,77,340.902584419495,34.090258441950
6,78,82.507385547201,8.250738554720
6,79,150.397355922692,15.039735592269
6,80,39.907500540950,3.990750054095
6,81,217.827699118525,21.782769911852
6,82,94.712852376129,9.471285237613
6,83,249.073027705870,24.907302770587
6,84,363.324271412699,36.332427141270
6,85,234.583616232582,23.458361623258
6,86,229.720605344636,22.972060534464
6,87,52.553390464611,5.255339046461
6,88,14.777190334162,1.477719033416
6,89,79.712273348197,7.971227334820
6,90,159.640451445304,15.964045144530
6,91,53.440026120857,5.344002612086
6,92,27.122310398323,2.712231039832
6,93,105.744328307459,10.574432830746
6,94,39.087514355918,3.908751435592
6,95,60.064658784482,6.006465878448
6,96,155.397337122242,15.539733712224
6,97,48.352779300099,4.835277930010
6,98,249.287802802725,24.928780280272
6,99,799.824013957203,79.982401395720
6,100,187.436952310380,18.743695231038
6,101,292.321121181622,29.232112118162
6,102,86.058305573891,8.605830557389
6,103,90.218108057936,9.021810805794
6,104,190.588116716299,19.058811671630
6,105,127.764282788797,12.776428278880
6,106,151.206681016461,15.120668101646
6,107,28.710318773882,2.871031877388
6,108,784.806560751711,78.480656075171
6,109,410.978078504100,41.097807850410
6,110,240.508570654975,24.050857065498
6,111,152.304914623155,15.230491462315
6,112,28.157283489969,2.815728348997
6,113,598.525171889790,59.852517188979
6,114,66.205588559037,6.620558855904
6,115,28.869670316813,2.886967031681
6,116,40.754457168783,4.075445716878
6,117,246.081144239630,24.608114423963
6,118,89.372422288665,8.937242228867
6,119,90.035810457648,9.003581045765
6,120,36.916817330018,3.691681733002
6,121,85.912086236092,8.591208623609
6,122,71.143721308605,7.114372130861
6,123,57.863319946604,5.786331994660
6,124,112.450225315752,11.245022531575
6,125,23.949258983849,2.394925898385
6,126,398.980820669460,39.898082066946
6,127,314.394592929037,31.439459292904
6,128,475.019253726790,47.501925372679
6,129,56.223841799314,5.622384179931
6,130,71.124799636694,7.112479963669
6,131,182.268723557967,18.226872355797
6,132,97.842623996266,9.784262399627
6,133,292.848174468280,29.284817446828
6,134,667.198344155288,66.719834415529
6,135,141.596307369641,14.159630736964
6,136,162.828964972273,16.282896497227
6,137,1937.803933966735,193.780393396674
6,138,41.874648387287,4.187464838729
6,139,44.426532378314,4.442653237831
6,140,51.374669149035,5.137466914903
6,141,53.400982521724,5.340098252172
6,142,72.560587397914,7.256058739791
6,143,104.327462218152,10.432746221815
6,144,47.991643658938,4.799164365894
6,145,149.076439654760,14.907643965476
6,146,43.601392155783,4.360139215578
6,147,59.103889712163,5.910388971216
6,148,319.995266608548,31.999526660855
6,149,1265.934690376009,126.593469037601
6,150,703.984121846990,70.398412184699
6,151,594.977570216009,59.497757021601
6,152,266.651260912322,26.665126091232
6,153,208.950328448545,20.895032844854
6,154,143.019668958262,14.301966895826
6,155,400.758822399927,40.075882239993
6,156,431.747861177417,43.174786117742
6,157,203.251869263070,20.325186926307
6,158,531.734494169792,53.173449416979
6,159,369.825913208896,36.982591320890
6,160,1055.472675668836,105.547267566884
6,161,174.040761612796,17.404076161280
6,162,62.799334598571,6.279933459857
6,163,66.052520705657,6.605252070566
6,164,55.549298316295,5.554929831630
6,165,1619.712837102489,161.971283710249
6,166,520.253699133804,52.025369913380
6,167,2161.718057148195,216.171805714819
6,168,137.664200377824,13.766420037782
6,169,38.796134729121,3.879613472912
6,170,170.477627223268,17.047762722327
6,171,47.722998279737,4.772299827974
6,172,503.305176344463,50.330517634446
6,173,52.227627053407,5.222762705341
6,174,378.722276154039,37.872227615404
6,175,171.712407522047,17.171240752205
6,176,497.585959802487,49.758595980249
6,177,636.215024241330,63.621502424133
6,178,719.150406710664,71.915040671066
6,179,383.849837432493,38.384983743249
6,180,359.013095553359,35.901309555336
6,181,325.468501415664,32.546850141566
6,182,587.578984688574,58.757898468857
6,183,265.803527648701,26.580352764870
6,184,525.179264504265,52.517926450426
6,185,300.131888502429,30.013188850243
6,186,449.435035203870,44.943503520387
6,187,62.115189073088,6.211518907309
6,188,56.729855316460,5.672985531646
6,189,103.554780212900,10.355478021290
6,190,185.816819454523,18.581681945452
6,191,258.617952136784,25.861795213678
6,192,129.181290084610,12.918129008461
6,193,36.847696744936,3.684769674494
7,1,68.874607971351,6.887460797135
7,2,83.243837692404,8.324383769240
7,3,381.788593665463,38.178859366546
7,4,88.550769216461,8.855076921646
7,5,99.993087384797,9.999308738480
7,6,85.078226372033,8.507822637203
7,7,574.065873072495,57.406587307250
7,8,1310.401157875141,131.040115787514
7,9,331.753314599437,33.175331459944
7,10,728.848941768579,72.884894176858
7,11,603.692021249242,60.369202124924
7,12,331.253053735787,33.125305373579
7,13,357.032723710035,35.703272371004
7,14,382.891198855900,38.289119885590
7,15,113.266680575934,11.326668057593
7,16,487.957322829243,48.795732282924
7,17,526.168341822738,52.616834182274
7,18,549.341584493465,54.934158449347
7,19,517.168761570413,51.716876157041
7,20,267.075767762441,26.707576776244
7,21,806.152960119354,80.615296011935
7,22,650.987727115020,65.098772711502
7,23,380.952428537856,38.095242853786
7,24,623.245860261832,62.324586026183
7,25,504.001996462339,50.400199646234
7,26,594.867472991443,59.486747299144
7,27,33.884666966103,3.388466696610
7,28,134.863226736865,13.486322673687
7,29,655.867865249621,65.586786524962
7,30,509.596941242957,50.959694124296
7,31,414.449000420796,41.444900042080
7,32,170.878524589347,17.087852458935
7,33,492.759100600349,49.275910060035
7,34,1102.004254667090,110.200425466709
7,35,671.350375555946,67.135037555595
7,36,774.479360174347,77.447936017435
7,37,949.496527765190,94.949652776519
7,38,384.556931124028,38.455693112403
7,39,741.918590437502,74.191859043750
7,40,1124.622228536871,112.462222853687
7,41,203.205621794739,20.320562179474
7,42,1240.166252543520,124.016625254352
7,43,646.387150882731,64.638715088273
7,44,199.428681928063,19.942868192806
7,45,365.144096284920,36.514409628492
7,46,1148.691092353682,114.869109235368
7,47,2909.457801099845,290.945780109985
7,48,202.947633086161,20.294763308616
7,49,415.216590963505,41.521659096351
7,50,493.765330698499,49.376533069850
7,51,1978.148142865212,197.814814286521
7,52,455.229972452118,45.522997245212
7,53,944.782896136178,94.478289613618
7,54,405.934112747979,40.593411274798
7,55,1181.603557042681,118.160355704268
7,56,164.166740758511,16.416674075851
7,57,1860.502400499877,186.050240049988
7,58,1392.720758432534,139.272075843253
7,59,126.463321962616,12.646332196262
7,60,184.169391162408,18.416939116241
7,61,881.701024288688,88.170102428869
7,62,1037.764176614388,103.776417661439
7,63,143.776440079565,14.377644007957
7,64,523.876912801616,52.387691280162
7,65,124.586454107695,12.458645410769
7,66,35.989721385683,3.598972138568
7,67,28.514572689258,2.851457268926
7,68,45.019845128794,4.501984512879
7,69,46.845337646058,4.684533764606
7,70,258.374283084023,25.837428308402
7,71,291.387793350552,29.138779335055
7,72,101.732287127122,10.173228712712
7,73,330.372630200415,33.037263020041
7,74,93.953112081879,9.395311208188
7,75,194.981935170001,19.498193517000
7,76,86.799114846824,8.679911484682
7,77,357.953847188228,35.795384718823
7,78,86.634239304330,8.663423930433
7,79,157.919929680610,15.791992968061
7,80,41.903593587079,4.190359358708
7,81,228.723003248599,22.872300324860
7,82,99.450199076482,9.945019907648
7,83,261.531160433872,26.153116043387
7,84,381.497021943957,38.149702194396
7,85,246.317017692218,24.631701769222
7,86,241.210768764177,24.121076876418
7,87,55.182005532831,5.518200553283
7,88,15.516315723312,1.551631572331
7,89,83.699321205485,8.369932120548
7,90,167.625346281899,16.762534628190
7,91,56.112988924310,5.611298892431
7,92,28.478913905112,2.847891390511
7,93,111.033447283614,11.103344728361
7,94,41.042593339536,4.104259333954
7,95,63.068972412062,6.306897241206
7,96,163.169999900217,16.316999990022
7,97,50.771288232345,5.077128823235
7,98,261.756678149820,26.175667814982
7,99,839.829605155495,83.982960515549
7,100,196.812172307192,19.681217230719
7,101,306.942436706719,30.694243670672
7,102,90.362769220804,9.036276922080
7,103,94.730636672565,9.473063667257
7,104,200.120951629420,20.012095162942
7,105,134.154795673878,13.415479567388
7,106,158.769735590511,15.876973559051
7,107,30.146351271028,3.014635127103
7,108,824.061009094455,82.406100909446
7,109,431.534376781203,43.153437678120
7,110,252.538326438006,25.253832643801
7,111,159.922900637052,15.992290063705
7,112,29.565654272663,2.956565427266
7,113,628.462199199138,62.846219919914
7,114,69.517059163465,6.951705916346
7,115,30.313673258173,3.031367325817
7,116,42.792913284817,4.279291328482
7,117,258.389628964102,25.838962896410
7,118,93.842651399182,9.384265139918
7,119,94.539220912349,9.453922091235
7,120,38.763322406979,3.876332240698
7,121,90.209236285325,9.020923628532
7,122,74.702187397809,7.470218739781
7,123,60.757527025618,6.075752702562
7,124,118.074759795381,11.807475979538
7,125,25.147152830109,2.514715283011
7,126,418.937040199166,41.893704019917
7,127,330.119979189251,33.011997918925
7,128,498.778762999199,49.877876299920
7,129,59.036045473336,5.903604547334
7,130,74.682319301861,7.468231930186
7,131,191.385439129957,19.138543912996
7,132,102.736515588738,10.273651558874
7,133,307.495852140497,30.749585214050
7,134,700.570265651359,70.057026565136
7,135,148.678670350706,14.867867035071
7,136,170.973342853218,17.097334285322
7,137,2034.728995795226,203.472899579523
7,138,43.969134218821,4.396913421882
7,139,46.648658323109,4.664865832311
7,140,53.944326943823,5.394432694382
7,141,56.071992442746,5.607199244275
7,142,76.189922283955,7.618992228395
7,143,109.545712397469,10.954571239747
7,144,50.392089311544,5.039208931154
7,145,156.532943833245,15.653294383325
7,146,45.782246243460,4.578224624346
7,147,62.060147599889,6.206014759989
7,148,336.000787320527,33.600078732053
7,149,1329.254201697443,132.925420169744
7,150,739.195994080430,73.919599408043
7,151,624.737153612924,62.473715361292
7,152,279.988621569685,27.998862156969
7,153,219.401604322725,21.940160432272
7,154,150.173225627999,15.017322562800
7,155,420.803974006112,42.080397400611
7,156,453.343022279850,45.334302227985
7,157,213.418119650823,21.341811965082
7,158,558.330785889692,55.833078588969
7,159,388.323862808046,38.832386280805
7,160,1108.265299604773,110.826529960477
7,161,182.745931049349,18.274593104935
7,162,65.940431219370,6.594043121937
7,163,69.356335163407,6.935633516341
7,164,58.327762679723,5.832776267972
7,165,1700.727620966198,170.072762096620
7,166,546.275744538481,54.627574453848
7,167,2269.842853817356,226.984285381736
7,168,144.549887262501,14.454988726250
7,169,40.736639488872,4.073663948887
7,170,179.004575832132,17.900457583213
7,171,50.110006829893,5.011000682989
7,172,528.479490670436,52.847949067044
7,173,54.839948089902,5.483994808990
7,174,397.665203964551,39.766520396455
7,175,180.301117362120,18.030111736212
7,176,522.474210400740,52.247421040074
7,177,668.037222287226,66.803722228723
7,178,755.120866060352,75.512086606035
7,179,403.049235562438,40.304923556244
7,180,376.970209724613,37.697020972461
7,181,341.747782342895,34.174778234290
7,182,616.968505693149,61.696850569315
7,183,279.098486390396,27.909848639040
7,184,551.447676798649,55.144767679865
7,185,315.143882925545,31.514388292554
7,186,471.914873236736,47.191487323674
7,187,65.222066108410,6.522206610841
7,188,59.567368770575,5.956736877058
7,189,108.734382389796,10.873438238980
7,190,195.111003658978,19.511100365898
7,191,271.553502819408,27.155350281941
7,192,135.642678829396,13.564267882940
7,193,38.690744549019,3.869074454902
8,1,74.810381245045,7.481038124505
8,2,90.417984472008,9.041798447201
8,3,414.692019140101,41.469201914010
8,4,96.182279649139,9.618227964914
8,5,108.610723305129,10.861072330513
8,6,92.410465017695,9.241046501769
8,7,623.540199926598,62.354019992660
8,8,1423.334565408534,142.333456540853
8,9,360.344583809673,36.034458380967
8,10,791.662832061918,79.166283206192
8,11,655.719598186788,65.571959818679
8,12,359.801209305861,35.980120930586
8,13,387.802630961097,38.780263096110
8,14,415.889649400205,41.588964940020
8,15,123.028265507818,12.302826550782
8,16,530.010615339556,53.001061533956
8,17,571.514748471669,57.151474847167
8,18,596.685114880174,59.668511488017
8,19,561.739563544274,56.173956354427
8,20,290.092976150685,29.009297615069
8,21,875.629089800921,87.562908980092
8,22,707.091357551923,70.709135755192
8,23,413.783791364690,41.378379136469
8,24,676.958632344988,67.695863234499
8,25,547.438056116330,54.743805611633
8,26,646.134529916696,64.613452991670
8,27,36.804926064334,3.680492606433
8,28,146.486052048649,14.648605204865
8,29,712.392077296562,71.239207729656
8,30,553.515186199701,55.351518619970
8,31,450.167175412511,45.016717541251
8,32,185.605231705086,18.560523170509
8,33,535.226221443041,53.522622144304
8,34,1196.977534298234,119.697753429823
8,35,729.208906208724,72.920890620872
8,36,841.225785635843,84.122578563584
8,37,1031.326338184103,103.132633818410
8,38,417.698938334128,41.769893833413
8,39,805.858853330998,80.585885333100
8,40,1221.544777554162,122.154477755416
8,41,220.718353038379,22.071835303838
8,42,1347.046653225372,134.704665322537
8,43,702.094293001987,70.209429300199
8,44,216.615907744125,21.661590774412
8,45,396.613060415740,39.661306041574
8,46,1247.687951813964,124.768795181396
8,47,3160.201614609300,316.020161460930
8,48,220.438130265225,22.043813026522
8,49,451.000918686433,45.100091868643
8,50,536.319170782138,53.631917078214
8,51,2148.629532504604,214.862953250460
8,52,494.462746088944,49.446274608894
8,53,1026.206474861443,102.620647486144
8,54,440.918454993991,44.091845499399
8,55,1283.436888956695,128.343688895670
8,56,178.315010794819,17.831501079482
8,57,2020.844807517598,202.084480751760
8,58,1512.748659848097,151.274865984810
8,59,137.362224021272,13.736222402127
8,60,200.041535949770,20.004153594977
8,61,957.688061159188,95.768806115919
8,62,1127.201097496837,112.720109749684
8,63,156.167426766065,15.616742676607
8,64,569.025838789056,56.902583878906
8,65,135.323603346558,13.532360334656
8,66,39.091398950477,3.909139895048
8,67,30.972024622052,3.097202462205
8,68,48.899759677454,4.889975967745
8,69,50.882577368892,5.088257736889
8,70,280.641577364342,28.064157736434
8,71,316.500268426561,31.650026842656
8,72,110.499811310373,11.049981131037
8,73,358.844908830572,35.884490883057
8,74,102.050208938065,10.205020893806
8,75,211.785930048874,21.178593004887
8,76,94.279663647948,9.427966364795
8,77,388.803138994567,38.880313899457
8,78,94.100578749241,9.410057874924
8,79,171.529835066518,17.152983506652
8,80,45.514942358593,4.551494235859
8,81,248.434881540908,24.843488154091
8,82,108.021047624718,10.802104762472
8,83,284.070521717597,28.407052171760
8,84,414.375319092163,41.437531909216
8,85,267.545188908544,26.754518890854
8,86,261.998871618465,26.199887161846
8,87,59.937718607332,5.993771860733
8,88,16.853547758302,1.685354775830
8,89,90.912722609444,9.091272260944
8,90,182.071686954610,18.207168695461
8,91,60.948936304258,6.094893630426
8,92,30.933292681280,3.093329268128
8,93,120.602566996734,12.060256699673
8,94,44.579739115076,4.457973911508
8,95,68.504402563598,6.850440256360
8,96,177.232368500254,17.723236850025
8,97,55.146875471780,5.514687547178
8,98,284.315475072753,28.431547507275
8,99,912.208066123453,91.220806612345
8,100,213.773901262578,21.377390126258
8,101,333.395446981909,33.339544698191
8,102,98.150442011636,9.815044201164
8,103,102.894742399233,10.289474239923
8,104,217.367838852096,21.736783885210
8,105,145.716566755464,14.571656675546
8,106,172.452879218442,17.245287921844
8,107,32.744433662267,3.274443366227
8,108,895.080495923473,89.508049592347
8,109,468.725009088583,46.872500908858
8,110,274.302664454671,27.430266445467
8,111,173.705426700179,17.370542670018
8,112,32.113690851310,3.211369085131
8,113,682.624527456369,68.262452745637
8,114,75.508200369232,7.550820036923
8,115,32.926175845892,3.292617584589
8,116,46.480905688130,4.648090568813
8,117,280.658245787918,28.065824578792
8,118,101.930228497834,10.193022849783
8,119,102.686829985356,10.268682998536
8,120,42.104035333267,4.210403533327
8,121,97.983677252094,9.798367725209
8,122,81.140194966966,8.114019496697
8,123,65.993751458929,6.599375145893
8,124,128.250716133058,12.825071613306
8,125,27.314392718291,2.731439271829
8,126,455.042004856221,45.504200485622
8,127,358.570483769961,35.857048376996
8,128,541.764672292906,54.176467229291
8,129,64.123908638392,6.412390863839
8,130,81.118614592482,8.111861459248
8,131,207.879479648258,20.787947964826
8,132,111.590586507264,11.159058650726
8,133,333.996557039843,33.399655703984
8,134,760.947034124973,76.094703412497
8,135,161.492142598752,16.149214259875
8,136,185.708221626600,18.570822162660
8,137,2210.086654418456,221.008665441846
8,138,47.758496067124,4.775849606712
8,139,50.668947766253,5.066894776625
8,140,58.593374010250,5.859337401025
8,141,60.904406650937,6.090440665094
8,142,82.756146292170,8.275614629217
8,143,118.986615671533,11.898661567153
8,144,54.734996309511,5.473499630951
8,145,170.023315565659,17.002331556566
8,146,49.727866286403,4.972786628640
8,147,67.408634892014,6.740863489201
8,148,364.958113569796,36.495811356980
8,149,1443.812408223445,144.381240822344
8,150,802.901617312556,80.290161731256
8,151,678.578448811887,67.857844881189
8,152,304.118689613668,30.411868961367
8,153,238.310142861134,23.831014286113
8,154,163.115502112211,16.311550211221
8,155,457.069835343692,45.706983534369
8,156,492.413174179417,49.241317417942
8,157,231.810987618538,23.181098761854
8,158,606.449026477607,60.644902647761
8,159,421.790512917356,42.179051291736
8,160,1203.778170593329,120.377817059333
8,161,198.495398746501,19.849539874650
8,162,71.623330343101,7.162333034310
8,163,75.333624802507,7.533362480251
8,164,63.354584392778,6.335458439278
8,165,1847.300267340625,184.730026734063
8,166,593.355053735376,59.335505373538
8,167,2465.463169402684,246.546316940268
8,168,157.007531419037,15.700753141904
8,169,44.247417452772,4.424741745277
8,170,194.431604869234,19.443160486923
8,171,54.428603306104,5.442860330610
8,172,574.025077481197,57.402507748120
8,173,59.566181861543,5.956618186154
8,174,431.936912495395,43.193691249540
8,175,195.839885351916,19.583988535192
8,176,567.502248245695,56.750224824569
8,177,725.610217715873,72.561021771587
8,178,820.198931652147,82.019893165215
8,179,437.784952409333,43.778495240933
8,180,409.458375708693,40.945837570869
8,181,371.200397936998,37.120039793700
8,182,670.140280817108,67.014028081711
8,183,303.151840522492,30.315184052249
8,184,598.972715099308,59.897271509931
8,185,342.303712835797,34.230371283580
8,186,512.585590276344,51.258559027634
8,187,70.843054862675,7.084305486267
8,188,64.701022608281,6.470102260828
8,189,118.105363364226,11.810536336423
8,190,211.926121959238,21.192612195924
8,191,294.956612788231,29.495661278823
8,192,147.332679128237,14.733267912824
8,193,42.025202547370,4.202520254737
9,1,82.911998942127,8.291199894213
9,2,100.209833289534,10.020983328953
9,3,459.601243571126,45.960124357113
9,4,106.598374928734,10.659837492873
9,5,120.372761452475,12.037276145247
9,6,102.418090247282,10.241809024728
9,7,691.066714756414,69.106671475641
9,8,1577.475104623428,157.747510462343
9,9,399.368232782637,39.936823278264
9,10,877.396249050488,87.739624905049
9,11,726.730992763070,72.673099276307
9,12,398.766013337482,39.876601333748
9,13,429.799859229169,42.979985922917
9,14,460.928571639855,46.092857163986
9,15,136.351656680156,13.635165668016
9,16,587.408309475235,58.740830947524
9,17,633.407147939536,63.340714793954
9,18,661.303348417369,66.130334841737
9,19,622.573355772316,62.257335577232
9,20,321.508701485429,32.150870148543
9,21,970.455663492274,97.045566349227
9,22,783.666075665343,78.366607566534
9,23,458.594658935400,45.859465893540
9,24,750.270115921503,75.027011592150
9,25,606.723061347905,60.672306134790
9,26,716.107906006340,71.610790600634
9,27,40.790729042211,4.079072904221
9,28,162.349812824921,16.234981282492
9,29,789.540838800427,78.954083880043
9,30,613.458316464345,61.345831646435
9,31,498.918194913687,49.891819491369
9,32,205.705418401469,20.570541840147
9,33,593.188741556155,59.318874155615
9,34,1326.604655741665,132.660465574167
9,35,808.178852372475,80.817885237247
9,36,932.326640874446,93.232664087445
9,37,1143.014202539870,114.301420253987
9,38,462.933798183000,46.293379818300
9,39,893.129633653743,89.312963365374
9,40,1353.832417623728,135.383241762373
9,41,244.621128098292,24.462112809829
9,42,1492.925564987893,149.292556498789
9,43,778.127852175732,77.812785217573
9,44,240.074406985040,24.007440698504
9,45,439.564417375588,43.956441737559
9,46,1382.806776536198,138.280677653620
9,47,3502.436808457659,350.243680845766
9,48,244.310558497059,24.431055849706
9,49,499.842228721496,49.984222872150
9,50,594.400052245110,59.440005224511
9,51,2381.316156410380,238.131615641038
9,52,548.010770675806,54.801077067581
9,53,1137.339881739367,113.733988173937
9,54,488.667880922577,48.866788092258
9,55,1422.427157948926,142.242715794893
9,56,197.625700341753,19.762570034175
9,57,2239.692937725816,223.969293772582
9,58,1676.572331240963,167.657233124096
9,59,152.237916492296,15.223791649230
9,60,221.705107513370,22.170510751337
9,61,1061.401241274626,106.140124127463
9,62,1249.271754104488,124.927175410449
9,63,173.079635571038,17.307963557104
9,64,630.648700869257,63.064870086926
9,65,149.978522643311,14.997852264331
9,66,43.324816348840,4.332481634884
9,67,34.326151397193,3.432615139719
9,68,54.195377101034,5.419537710103
9,69,56.392924762187,5.639292476219
9,70,311.033759998256,31.103375999826
9,71,350.775781171470,35.077578117147
9,72,122.466428936662,12.246642893666
9,73,397.706149951199,39.770614995120
9,74,113.101773773905,11.310177377391
9,75,234.721365082374,23.472136508237
9,76,104.489714429313,10.448971442931
9,77,430.908717647373,43.090871764737
9,78,104.291235465765,10.429123546577
9,79,190.105721517366,19.010572151737
9,80,50.443999748184,5.044399974818
9,81,275.339228228724,27.533922822872
9,82,119.719226627807,11.971922662781
9,83,314.834043138886,31.483404313889
9,84,459.250246375249,45.925024637525
9,85,296.519093347432,29.651909334743
9,86,290.372135590575,29.037213559057
9,87,66.428695844854,6.642869584485
9,88,18.678708899107,1.867870889911
9,89,100.758149275165,10.075814927516
9,90,201.789207125206,20.178920712521
9,91,67.549423733449,6.754942373345
9,92,34.283224966678,3.428322496668
9,93,133.663266258430,13.366326625843
9,94,49.407518326132,4.940751832613
9,95,75.923111984680,7.592311198468
9,96,196.425812902499,19.642581290250
9,97,61.119026593394,6.111902659339
9,98,315.105523807552,31.510552380755
9,99,1010.995973482457,101.099597348246
9,100,236.924624368376,23.692462436838
9,101,369.500629290071,36.950062929007
9,102,108.779680156718,10.877968015672
9,103,114.037766296248,11.403776629625
9,104,240.907768748355,24.090776874835
9,105,161.496995839461,16.149699583946
9,106,191.128727074537,19.112872707454
9,107,36.290504125005,3.629050412500
9,108,992.013566780766,99.201356678077
9,109,519.485755999612,51.948575599961
9,110,304.008372188249,30.400837218825
9,111,192.516919645574,19.251691964557
9,112,35.591454789811,3.559145478981
9,113,756.549601223714,75.654960122371
9,114,83.685388644513,8.368538864451
9,115,36.491928145116,3.649192814512
9,116,51.514572431063,5.151457243106
9,117,311.052233534881,31.105223353488
9,118,112.968800007859,11.296880000786
9,119,113.807337931195,11.380733793119
9,120,46.663707294532,4.666370729453
9,121,108.594855546328,10.859485554633
9,122,89.927302164507,8.992730216451
9,123,73.140568997062,7.314056899706
9,124,142.139674512828,14.213967451283
9,125,30.272414903832,3.027241490383
9,126,504.320945801376,50.432094580138
9,127,397.402005927918,39.740200592792
9,128,600.435276340831,60.043527634083
9,129,71.068230861925,7.106823086192
9,130,89.903384735447,8.990338473545
9,131,230.391864201707,23.039186420171
9,132,123.675330033884,12.367533003388
9,133,370.166836782374,37.016683678237
9,134,843.354072501317,84.335407250132
9,135,178.980993459332,17.898099345933
9,136,205.819561654337,20.581956165434
9,137,2449.428799900551,244.942879990055
9,138,52.930519929108,5.293051992911
9,139,56.156160063314,5.615616006331
9,140,64.938764956170,6.493876495617
9,141,67.500071724976,6.750007172498
9,142,91.718253531630,9.171825353163
9,143,131.872314891309,13.187231489131
9,144,60.662542826062,6.066254282606
9,145,188.436052934174,18.843605293417
9,146,55.113163819166,5.511316381917
9,147,74.708677750884,7.470867775088
9,148,404.481386441590,40.448138644159
9,149,1600.170602942647,160.017060294265
9,150,889.852142675191,88.985214267519
9,151,752.065351007261,75.206535100726
9,152,337.053334736211,33.705333473621
9,153,264.118027257204,26.411802725720
9,154,180.780155287178,18.078015528718
9,155,506.568380935830,50.656838093583
9,156,545.739239624014,54.573923962401
9,157,256.915043612009,25.691504361201
9,158,672.124646405222,67.212464640522
9,159,467.468471337586,46.746847133759
9,160,1334.141769440602,133.414176944060
9,161,219.991530814142,21.999153081414
9,162,79.379805192908,7.937980519291
9,163,83.491907352708,8.349190735271
9,164,70.215592364741,7.021559236474
9,165,2047.354327868534,204.735432786853
9,166,657.612657078551,65.761265707855
9,167,2732.461408314360,273.246140831436
9,168,174.010719665774,17.401071966577
9,169,49.039207767426,4.903920776743
9,170,215.487646887267,21.548764688727
9,171,60.322968879884,6.032296887988
9,172,636.189333950601,63.618933395060
9,173,66.016923390803,6.601692339080
9,174,478.713678982302,47.871367898230
9,175,217.048437621750,21.704843762175
9,176,628.960112528748,62.896011252875
9,177,804.190442588342,80.419044258834
9,178,909.022676020398,90.902267602040
9,179,485.195034525321,48.519503452532
9,180,453.800820803236,45.380082080324
9,181,411.399681285653,41.139968128565
9,182,742.713368512144,74.271336851214
9,183,335.981780367812,33.598178036781
9,184,663.838685141929,66.383868514193
9,185,379.373619064502,37.937361906450
9,186,568.096234926714,56.809623492671
9,187,78.515029492918,7.851502949292
9,188,71.707843601020,7.170784360102
9,189,130.895627041907,13.089562704191
9,190,234.876739127129,23.487673912713
9,191,326.899047437899,32.689904743790
9,192,163.288125694859,16.328812569486
9,193,46.576337283150,4.657633728315
10,1,85.987044838805,8.598704483881
10,2,103.926422451483,10.392642245148
10,3,476.646965977822,47.664696597782
10,4,110.551902760646,11.055190276065
10,5,124.837154675399,12.483715467540
10,6,106.216579394556,10.621657939456
10,7,716.697044415045,71.669704441505
10,8,1635.980609369136,163.598060936914
10,9,414.180029158928,41.418002915893
10,10,909.937181241581,90.993718124158
10,11,753.684041607604,75.368404160760
10,12,413.555474557736,41.355547455774
10,13,445.740305851836,44.574030585184
10,14,478.023522080892,47.802352208089
10,15,141.408676263923,14.140867626392
10,16,609.194149097645,60.919414909765
10,17,656.898995634076,65.689899563408
10,18,685.829812306269,68.582981230627
10,19,645.663399040785,64.566339904079
10,20,333.432838231176,33.343283823118
10,21,1006.447989621250,100.644798962125
10,22,812.730736764914,81.273073676491
10,23,475.603049062170,47.560304906217
10,24,778.096185378292,77.809618537829
10,25,629.225247810932,62.922524781093
10,26,742.666965081504,74.266696508150
10,27,42.303578395310,4.230357839531
10,28,168.371053804797,16.837105380480
10,29,818.823383517604,81.882338351760
10,30,636.210300530532,63.621030053053
10,31,517.422107105195,51.742210710520
10,32,213.334635051059,21.333463505106
10,33,615.188966239572,61.518896623957
10,34,1375.805860093285,137.580586009328
10,35,838.152645013814,83.815264501381
10,36,966.904835200530,96.690483520053
10,37,1185.406391586219,118.540639158622
10,38,480.103118603439,48.010311860344
10,39,926.254086690822,92.625408669082
10,40,1404.043447073277,140.404344707328
10,41,253.693653255050,25.369365325505
10,42,1548.295290615504,154.829529061550
10,43,806.987111263122,80.698711126312
10,44,248.978303037675,24.897830303767
10,45,455.867012599713,45.586701259971
10,46,1434.092408993990,143.409240899399
10,47,3632.335424745283,363.233542474528
10,48,253.371565227170,25.337156522717
10,49,518.380411542170,51.838041154217
10,50,616.445202102341,61.644520210234
10,51,2469.634573152148,246.963457315215
10,52,568.335431680283,56.833543168028
10,53,1179.521621187147,117.952162118715
10,54,506.791628766582,50.679162876658
10,55,1475.182233826761,147.518223382676
10,56,204.955255854439,20.495525585444
10,57,2322.758822831067,232.275882283107
10,58,1738.753160716148,173.875316071615
10,59,157.884126768269,15.788412676827
10,60,229.927721728804,22.992772172880
10,61,1100.766563222648,110.076656322265
10,62,1295.604830502473,129.560483050247
10,63,179.498824951973,17.949882495197
10,64,654.038243089886,65.403824308989
10,65,155.540936365433,15.554093636543
10,66,44.931650105566,4.493165010557
10,67,35.599242051737,3.559924205174
10,68,56.205378959629,5.620537895963
10,69,58.484429418982,5.848442941898
10,70,322.569401396538,32.256940139654
10,71,363.785377373564,36.378537737356
10,72,127.008472242667,12.700847224267
10,73,412.456302885575,41.245630288557
10,74,117.296500107705,11.729650010771
10,75,243.426727150210,24.342672715021
10,76,108.365036116169,10.836503611617
10,77,446.890289687017,44.689028968702
10,78,108.159195951224,10.815919595122
10,79,197.156375540254,19.715637554025
10,80,52.314870266528,5.231487026653
10,81,285.551028387472,28.555102838747
10,82,124.159381506383,12.415938150638
10,83,326.510629698627,32.651062969863
10,84,476.282950973899,47.628295097390
10,85,307.516413794636,30.751641379464
10,86,301.141477247394,30.114147724739
10,87,68.892407867067,6.889240786707
10,88,19.371466134348,1.937146613435
10,89,104.495074417951,10.449507441795
10,90,209.273179062700,20.927317906270
10,91,70.054701388370,7.005470138837
10,92,35.554723562825,3.555472356283
10,93,138.620578634068,13.862057863407
10,94,51.239947750490,5.123994775049
10,95,78.738953563105,7.873895356310
10,96,203.710866907639,20.371086690764
10,97,63.385813238669,6.338581323867
10,98,326.792179060930,32.679217906093
10,99,1048.491861405575,104.849186140557
10,100,245.711701067547,24.571170106755
10,101,383.204693941939,38.320469394194
10,102,112.814108386357,11.281410838636
10,103,118.267206784837,11.826720678484
10,104,249.842572579157,24.984257257916
10,105,167.486607484558,16.748660748456
10,106,198.217322397613,19.821732239761
10,107,37.636448828085,3.763644882809
10,108,1028.805433903736,102.880543390374
10,109,538.752479305662,53.875247930566
10,110,315.283455522156,31.528345552216
10,111,199.657000349822,19.965700034982
10,112,36.911473103260,3.691147310326
10,113,784.608564661571,78.460856466157
10,114,86.789118071454,8.678911807145
10,115,37.845343276053,3.784534327605
10,116,53.425148422408,5.342514842241
10,117,322.588560080954,32.258856008095
10,118,117.158594601514,11.715859460151
10,119,118.028232276794,11.802823227679
10,120,48.394374067383,4.839437406738
10,121,112.622428988156,11.262242898816
10,122,93.262532107683,9.326253210768
10,123,75.853211430543,7.585321143054
10,124,147.411360498483,14.741136049848
10,125,31.395160301607,3.139516030161
10,126,523.025235587924,52.302523558792
10,127,412.140878747924,41.214087874792
10,128,622.704261002769,62.270426100277
10,129,73.704014276684,7.370401427668
10,130,93.237727627375,9.323772762737
10,131,238.936653444289,23.893665344429
10,132,128.262209146599,12.826220914660
10,133,383.895609783355,38.389560978336
10,134,874.632446116485,87.463244611649
10,135,185.619052805903,18.561905280590
10,136,213.453011656708,21.345301165671
10,137,2540.273383030161,254.027338303016
10,138,54.893610678260,5.489361067826
10,139,58.238883574738,5.823888357474
10,140,67.347218319516,6.734721831952
10,141,70.003519009226,7.000351900923
10,142,95.119906401798,9.511990640180
10,143,136.763204339953,13.676320433995
10,144,62.912399370102,6.291239937010
10,145,195.424782174268,19.542478217427
10,146,57.157204614437,5.715720461444
10,147,77.479478309251,7.747947830925
10,148,419.482819811062,41.948281981106
10,149,1659.517839884780,165.951783988478
10,150,922.855039902333,92.285503990233
10,151,779.958002265894,77.995800226589
10,152,349.553991904853,34.955399190485
10,153,273.913654745609,27.391365474561
10,154,187.484942070871,18.748494207087
10,155,525.356023750606,52.535602375061
10,156,565.979653929230,56.597965392923
10,157,266.443526349538,26.644352634954
10,158,697.052451335211,69.705245133521
10,159,484.805974026631,48.480597402663
10,160,1383.622510781421,138.362251078142
10,161,228.150591779567,22.815059177957
10,162,82.323848845841,8.232384884584
10,163,86.588460932246,8.658846093225
10,164,72.819753064506,7.281975306451
10,165,2123.286745435181,212.328674543518
10,166,682.002240354245,68.200224035425
10,167,2833.803124214060,283.380312421406
10,168,180.464441157398,18.046444115740
10,169,50.857977264551,5.085797726455
10,170,223.479667497072,22.347966749707
10,171,62.560231282146,6.256023128215
10,172,659.784367550514,65.978436755051
10,173,68.465363568032,6.846536356803
10,174,496.468244702830,49.646824470283
10,175,225.098344945237,22.509834494524
10,176,652.287028269326,65.228702826933
10,177,834.016312814381,83.401631281438
10,178,942.736571301529,94.273657130153
10,179,503.189981204236,50.318998120424
10,180,470.631416732956,47.063141673296
10,181,426.657700848241,42.665770084824
10,182,770.259172803337,77.025917280334
10,183,348.442695654631,34.844269565463
10,184,688.459179772953,68.845917977295
10,185,393.443853837477,39.344385383748
10,186,589.165827005288,58.916582700529
10,187,81.427000285448,8.142700028545
10,188,74.367349016863,7.436734901686
10,189,135.750293024683,13.575029302468
10,190,243.587863718182,24.358786371818
10,191,339.023101703600,33.902310170360
10,192,169.344166886734,16.934416688673
10,193,48.303763671033,4.830376367103
11,1,87.083184932771,8.708318493277
11,2,105.251248984189,10.525124898419
11,3,482.723135371181,48.272313537118
11,4,111.961189163118,11.196118916312
11,5,126.428545689159,12.642854568916
11,6,107.570600241958,10.757060024196
11,7,725.833308686973,72.583330868697
11,8,1656.835657268972,165.683565726897
11,9,419.459886571539,41.945988657154
11,10,921.536819643134,92.153681964313
11,11,763.291806332352,76.329180633235
11,12,418.827370313557,41.882737031356
11,13,451.422485320340,45.142248532034
11,14,484.117239447194,48.411723944719
11,15,143.211316649786,14.321131664979
11,16,616.959994907169,61.695999490717
11,17,665.272970203729,66.527297020373
11,18,694.572589271271,69.457258927127
11,19,653.894145198198,65.389414519820
11,20,337.683351820925,33.768335182093
11,21,1019.277922269619,101.927792226962
11,22,823.091213134764,82.309121313476
11,23,481.665910878927,48.166591087893
11,24,788.015149651959,78.801514965196
11,25,637.246444766281,63.724644476628
11,26,752.134287030003,75.213428703000
11,27,42.842853218445,4.284285321845
11,28,170.517403444845,17.051740344484
11,29,829.261527336038,82.926152733604
11,30,644.320541089588,64.432054108959
11,31,524.018067207849,52.401806720785
11,32,216.054168526702,21.605416852670
11,33,623.031232391690,62.303123239169
11,34,1393.344269136034,139.334426913603
11,35,848.837193142950,84.883719314295
11,36,979.230682180138,97.923068218014
11,37,1200.517638587389,120.051763858739
11,38,486.223346115912,48.622334611591
11,39,938.061728685310,93.806172868531
11,40,1421.941821402699,142.194182140270
11,41,256.927672815072,25.692767281507
11,42,1568.032549274902,156.803254927490
11,43,817.274369414937,81.727436941494
11,44,252.152212560889,25.215221256089
11,45,461.678284646140,46.167828464614
11,46,1452.373839538509,145.237383953851
11,47,3678.639475561964,367.863947556196
11,48,256.601478894245,25.660147889424
11,49,524.988587856201,52.498858785620
11,50,624.303482416816,62.430348241682
11,51,2501.116821183217,250.111682118322
11,52,575.580421372084,57.558042137208
11,53,1194.557850692481,119.455785069248
11,54,513.252074344381,51.325207434438
11,55,1493.987466585178,149.398746658518
11,56,207.567971221412,20.756797122141
11,57,2352.368737662875,235.236873766287
11,58,1760.918325905184,176.091832590518
11,59,159.896791837476,15.989679183748
11,60,232.858779482603,23.285877948260
11,61,1114.798844088984,111.479884408898
11,62,1312.120858042560,131.212085804256
11,63,181.787028474007,18.178702847401
11,64,662.375749543109,66.237574954311
11,65,157.523731063431,15.752373106343
11,66,45.504426891430,4.550442689143
11,67,36.053051769244,3.605305176924
11,68,56.921870257703,5.692187025770
11,69,59.229973449236,5.922997344924
11,70,326.681430768170,32.668143076817
11,71,368.422817100499,36.842281710050
11,72,128.627542638206,12.862754263821
11,73,417.714186691780,41.771418669178
11,74,118.791764852422,11.879176485242
11,75,246.529866653053,24.652986665305
11,76,109.746444921339,10.974644492134
11,77,452.587128845147,45.258712884515
11,78,109.537980760440,10.953798076044
11,79,199.669672844698,19.966967284470
11,80,52.981766389278,5.298176638928
11,81,289.191157335679,28.919115733568
11,82,125.742132447134,12.574213244713
11,83,330.672900805738,33.067290080574
11,84,482.354480000312,48.235448000031
11,85,311.436551663597,31.143655166360
11,86,304.980349112167,30.498034911217
11,87,69.770630052449,6.977063005245
11,88,19.618408458608,1.961840845861
11,89,105.827149975450,10.582714997545
11,90,211.940938172135,21.194093817213
11,91,70.947740183998,7.094774018400
11,92,36.007965770417,3.600796577042
11,93,140.387677089123,14.038767708912
11,94,51.893141045447,5.189314104545
11,95,79.742696907455,7.974269690745
11,96,206.307719133605,20.630771913360
11,97,64.193838812867,6.419383881287
11,98,330.958039284809,33.095803928481
11,99,1061.857758205924,106.185775820592
11,100,248.843968813245,24.884396881325
11,101,388.089685977805,38.808968597781
11,102,114.252232787527,11.425223278753
11,103,119.774845841407,11.977484584141
11,104,253.027499581786,25.302749958179
11,105,169.621682436955,16.962168243695
11,106,200.744144371850,20.074414437185
11,107,38.116228318499,3.811622831850
11,108,1041.920373335657,104.192037333566
11,109,545.620353348746,54.562035334875
11,110,319.302605583767,31.930260558377
11,111,202.202174957630,20.220217495763
11,112,37.382010794974,3.738201079497
11,113,794.610547023054,79.461054702305
11,114,87.895482782747,8.789548278275
11,115,38.327785697613,3.832778569761
11,116,54.106198077291,5.410619807729
11,117,326.700833682426,32.670083368243
11,118,118.652101363330,11.865210136333
11,119,119.532824949574,11.953282494957
11,120,49.011292742017,4.901129274202
11,121,114.058109911079,11.405810991108
11,122,94.451418188133,9.445141818813
11,123,76.820168097805,7.682016809780
11,124,149.290521514555,14.929052151456
11,125,31.795377497435,3.179537749744
11,126,529.692622889791,52.969262288979
11,127,417.394741610689,41.739474161069
11,128,630.642330143853,63.064233014385
11,129,74.643573547342,7.464357354734
11,130,94.426297506873,9.442629750687
11,131,241.982554675678,24.198255467568
11,132,129.897261848429,12.989726184843
11,133,388.789409431540,38.878940943154
11,134,885.782029096899,88.578202909690
11,135,187.985275373101,18.798527537310
11,136,216.174054165996,21.617405416600
11,137,2572.656115917320,257.265611591732
11,138,55.593379901400,5.559337990140
11,139,58.981297451546,5.898129745155
11,140,68.205742837429,6.820574283743
11,141,70.895905345429,7.089590534543
11,142,96.332469798258,9.633246979826
11,143,138.506625478999,13.850662547900
11,144,63.714389989577,6.371438998958
11,145,197.916005584691,19.791600558469
11,146,57.885829534089,5.788582953409
11,147,78.467166196344,7.846716619634
11,148,424.830275795697,42.483027579570
11,149,1680.672934170875,168.067293417088
11,150,934.619351747807,93.461935174781
11,151,789.900700488576,78.990070048858
11,152,354.010013695702,35.401001369570
11,153,277.405433534076,27.740543353408
11,154,189.874950500674,18.987495050067
11,155,532.053123323205,53.205312332320
11,156,573.194612789640,57.319461278964
11,157,269.840077917936,26.984007791794
11,158,705.938291532852,70.593829153285
11,159,490.986152295585,49.098615229558
11,160,1401.260564418722,140.126056441872
11,161,231.058995151031,23.105899515103
11,162,83.373291486633,8.337329148663
11,163,87.692267719425,8.769226771943
11,164,73.748040007222,7.374804000722
11,165,2150.353843008063,215.035384300806
11,166,690.696224444844,69.069622444484
11,167,2869.927696568851,286.992769656885
11,168,182.764954099301,18.276495409930
11,169,51.506301300830,5.150630130083
11,170,226.328527161789,22.632852716179
11,171,63.357732556024,6.335773255602
11,172,668.195124077838,66.819512407784
11,173,69.338141905693,6.933814190569
11,174,502.797090512328,50.279709051233
11,175,227.967839081734,22.796783908173
11,176,660.602210699419,66.060221069942
11,177,844.648132075182,84.464813207518
11,178,954.754327648288,95.475432764829
11,179,509.604513931967,50.960451393197
11,180,476.630901496359,47.663090149636
11,181,432.096620317742,43.209662031774
11,182,780.078232914506,78.007823291451
11,183,352.884550934950,35.288455093495
11,184,697.235475218645,69.723547521865
11,185,398.459371974236,39.845937197424
11,186,596.676357064615,59.667635706461
11,187,82.465010138112,8.246501013811
11,188,75.315364303260,7.531536430326
11,189,137.480801838317,13.748080183832
11,190,246.693057347353,24.669305734735
11,191,343.344878492816,34.334487849282
11,192,171.502921514849,17.150292151485
11,193,48.919527268311,4.891952726831
12,1,85.977603494327,8.597760349433
12,2,103.915011370237,10.391501137024
12,3,476.594630324132,47.659463032413
12,4,110.539764204208,11.053976420421
12,5,124.823447603790,12.482344760379
12,6,106.204916854958,10.620491685496
12,7,716.618351354994,71.661835135499
12,8,1635.800979326932,163.580097932693
12,9,414.134552350895,41.413455235089
12,10,909.837270488768,90.983727048877
12,11,753.601287389476,75.360128738948
12,12,413.510066325558,41.351006632556
12,13,445.691363737552,44.569136373755
12,14,477.971035281871,47.797103528187
12,15,141.393149645613,14.139314964561
12,16,609.127259814187,60.912725981419
12,17,656.826868376801,65.682686837680
12,18,685.754508456441,68.575450845644
12,19,645.592505447698,64.559250544770
12,20,333.396227433676,33.339622743368
12,21,1006.337482018766,100.633748201877
12,22,812.641499242348,81.264149924235
12,23,475.550828030156,47.555082803016
12,24,778.010750716159,77.801075071616
12,25,629.156159120533,62.915615912053
12,26,742.585420534143,74.258542053414
12,27,42.298933478660,4.229893347866
12,28,168.352566727794,16.835256672779
12,29,818.733477024766,81.873347702477
12,30,636.140444884029,63.614044488403
12,31,517.365294356680,51.736529435668
12,32,213.311210990114,21.331121099011
12,33,615.121418727495,61.512141872750
12,34,1375.654797138568,137.565479713857
12,35,838.060616175492,83.806061617549
12,36,966.798669421205,96.679866942120
12,37,1185.276234419973,118.527623441997
12,38,480.050403465519,48.005040346552
12,39,926.152384348061,92.615238434806
12,40,1403.889283642361,140.388928364236
12,41,253.665797789417,25.366579778942
12,42,1548.125288387602,154.812528838760
12,43,806.898504388429,80.689850438843
12,44,248.950965315683,24.895096531568
12,45,455.816958576919,45.581695857692
12,46,1433.934946198602,143.393494619860
12,47,3631.936595711548,363.193659571155
12,48,253.343745126679,25.334374512668
12,49,518.323493572196,51.832349357220
12,50,616.377516656049,61.637751665605
12,51,2469.363408225093,246.936340822509
12,52,568.273028668294,56.827302866829
12,53,1179.392110166430,117.939211016643
12,54,506.735983240503,50.673598324050
12,55,1475.020259384397,147.502025938440
12,56,204.932751846111,20.493275184611
12,57,2322.503784804953,232.250378480495
12,58,1738.562246287302,173.856224628730
12,59,157.866791151825,15.786679115182
12,60,229.902475753320,22.990247575332
12,61,1100.645699477029,110.064569947703
12,62,1295.462573589983,129.546257358998
12,63,179.479116049974,17.947911604997
12,64,653.966429942140,65.396642994214
12,65,155.523858030394,15.552385803039
12,66,44.926716627651,4.492671662765
12,67,35.595333268640,3.559533326864
12,68,56.199207630619,5.619920763062
12,69,58.478007851108,5.847800785111
12,70,322.533983400228,32.253398340023
12,71,363.745433878929,36.374543387893
12,72,126.994526761224,12.699452676122
12,73,412.411015342025,41.241101534203
12,74,117.283620997071,11.728362099707
12,75,243.399998989118,24.339999898912
12,76,108.353137676848,10.835313767685
12,77,446.841221304948,44.684122130495
12,78,108.147320113074,10.814732011307
12,79,197.134727845987,19.713472784599
12,80,52.309126113877,5.230912611388
12,81,285.519674994293,28.551967499429
12,82,124.145748854008,12.414574885401
12,83,326.474778956964,32.647477895696
12,84,476.230655288916,47.623065528892
12,85,307.482648610580,30.748264861058
12,86,301.108412028920,30.110841202892
12,87,68.884843507158,6.888484350716
12,88,19.369339154810,1.936933915481
12,89,104.483600898937,10.448360089894
12,90,209.250200948062,20.925020094806
12,91,70.047009409079,7.004700940908
12,92,35.550819667842,3.555081966784
12,93,138.605358147805,13.860535814781
12,94,51.234321623918,5.123432162392
12,95,78.730308056262,7.873030805626
12,96,203.688499532738,20.368849953274
12,97,63.378853500734,6.337885350073
12,98,326.756297405255,32.675629740526
12,99,1048.376737402125,104.837673740213
12,100,245.684722017197,24.568472201720
12,101,383.162618213809,38.316261821381
12,102,112.801721440611,11.280172144061
12,103,118.254221090982,11.825422109098
12,104,249.815139960702,24.981513996070
12,105,167.468217519421,16.746821751942
12,106,198.195558211788,19.819555821179
12,107,37.632316360468,3.763231636047
12,108,1028.692471462461,102.869247146246
12,109,538.693324490477,53.869332449048
12,110,315.248837519903,31.524883751990
12,111,199.635078087911,19.963507808791
12,112,36.907420237698,3.690742023770
12,113,784.522414942695,78.452241494269
12,114,86.779588659644,8.677958865964
12,115,37.841187871906,3.784118787191
12,116,53.419282361643,5.341928236164
12,117,322.553139981028,32.255313998103
12,118,117.145730632852,11.714573063285
12,119,118.015272822248,11.801527282225
12,120,48.389060383708,4.838906038371
12,121,112.610063088734,11.261006308873
12,122,93.252291917498,9.325229191750
12,123,75.844882777078,7.584488277708
12,124,147.395174787750,14.739517478775
12,125,31.391713125070,3.139171312507
12,126,522.967807618054,52.296780761805
12,127,412.095625837822,41.209562583782
12,128,622.635888314216,62.263588831422
12,129,73.695921604241,7.369592160424
12,130,93.227490160713,9.322749016071
12,131,238.910418291563,23.891041829156
12,132,128.248126005325,12.824812600533
12,133,383.853458192931,38.385345819293
12,134,874.536411810021,87.453641181002
12,135,185.598671905238,18.559867190524
12,136,213.429574598057,21.342957459806
12,137,2539.994461988927,253.999446198893
12,138,54.887583380903,5.488758338090
12,139,58.232488967703,5.823248896770
12,140,67.339823620826,6.733982362083
12,141,69.995832649741,6.999583264974
12,142,95.109462272630,9.510946227263
12,143,136.748187792674,13.674818779267
12,144,62.905491612828,6.290549161283
12,145,195.403324608287,19.540332460829
12,146,57.150928775336,5.715092877534
12,147,77.470971092308,7.747097109231
12,148,419.436760758654,41.943676075865
12,149,1659.335625463710,165.933562546371
12,150,922.753710773603,92.275371077360
12,151,779.872363176983,77.987236317698
12,152,349.515611010876,34.951561101088
12,153,273.883579131582,27.388357913158
12,154,187.464356296282,18.746435629628
12,155,525.298339861091,52.529833986109
12,156,565.917509580734,56.591750958073
12,157,266.414270952738,26.641427095274
12,158,696.975915243931,69.697591524393
12,159,484.752742516994,48.475274251699
12,160,1383.470589561462,138.347058956146
12,161,228.125540932268,22.812554093227
12,162,82.314809718875,8.231480971888
12,163,86.578953552511,8.657895355251
12,164,72.811757483604,7.281175748360
12,165,2123.053609366509,212.305360936651
12,166,681.927356770347,68.192735677035
12,167,2833.491973720048,283.349197372005
12,168,180.444626231112,18.044462623111
12,169,50.852393078193,5.085239307819
12,170,223.455129515463,22.345512951546
12,171,62.553362192793,6.255336219279
12,172,659.711923480510,65.971192348051
12,173,68.457846097423,6.845784609742
12,174,496.413732680354,49.641373268035
12,175,225.073629233467,22.507362923347
12,176,652.215407404296,65.221540740430
12,177,833.924738143746,83.392473814375
12,178,942.633059188292,94.263305918829
12,179,503.134731137675,50.313473113768
12,180,470.579741584262,47.057974158426
12,181,426.610853996652,42.661085399665
12,182,770.174598642173,77.017459864217
12,183,348.404436780554,34.840443678055
12,184,688.383587219589,68.838358721959
12,185,393.400653853526,39.340065385353
12,186,589.101136823899,58.910113682390
12,187,81.418059632109,8.141805963211
12,188,74.359183510520,7.435918351052
12,189,135.735387694679,13.573538769468
12,190,243.561117864356,24.356111786436
12,191,338.985877097318,33.898587709732
12,192,169.325572962289,16.932557296229
12,193,48.298459936345,4.829845993635
13,1,82.259602038656,8.225960203866
13,2,99.421327575409,9.942132757541
13,3,455.984849901176,45.598484990118
13,4,105.759600678856,10.575960067886
13,5,119.425602804320,11.942560280432
13,6,101.612208761017,10.161220876102
13,7,685.629024306886,68.562902430689
13,8,1565.062668707161,156.506266870716
13,9,396.225785347570,39.622578534757
13,10,870.492416031131,87.049241603113
13,11,721.012676290373,72.101267629037
13,12,395.628304494008,39.562830449401
13,13,426.417959132067,42.641795913207
13,14,457.301733827526,45.730173382753
13,15,135.278767354893,13.527876735489
13,16,582.786259988257,58.278625998826
13,17,628.423154461819,62.842315446182
13,18,656.099852394272,65.609985239427
13,19,617.674608489998,61.767460849000
13,20,318.978895378180,31.897889537818
13,21,962.819588160643,96.281958816064
13,22,777.499762856070,77.749976285607
13,23,454.986185623273,45.498618562327
13,24,744.366580768098,74.436658076810
13,25,601.949032841318,60.194903284132
13,26,710.473177783762,71.047317778376
13,27,40.469765301655,4.046976530166
13,28,161.072355804014,16.107235580401
13,29,783.328300145356,78.332830014536
13,30,608.631291290954,60.863129129095
13,31,494.992433991264,49.499243399126
13,32,204.086815790212,20.408681579021
13,33,588.521208471646,58.852120847165
13,34,1316.166205570658,131.616620557066
13,35,801.819659644453,80.181965964445
13,36,924.990585523103,92.499058552310
13,37,1134.020342352264,113.402034235226
13,38,459.291182152751,45.929118215275
13,39,886.102001768995,88.610200176899
13,40,1343.179724547388,134.317972454739
13,41,242.696315423033,24.269631542303
13,42,1481.178411039880,148.117841103988
13,43,772.005117134472,77.200511713447
13,44,238.185370395426,23.818537039543
13,45,436.105684400497,43.610568440050
13,46,1371.926097374904,137.192609737490
13,47,3474.877722226542,347.487772222654
13,48,242.388189553090,24.238818955309
13,49,495.909196996263,49.590919699626
13,50,589.722987906349,58.972298790635
13,51,2362.578659950889,236.257865995089
13,52,543.698722547439,54.369872254744
13,53,1128.390670207770,112.839067020777
13,54,484.822775070503,48.482277507050
13,55,1411.234723981600,141.123472398160
13,56,196.070673366234,19.607067336623
13,57,2222.069810121355,222.206981012135
13,58,1663.380144207695,166.338014420770
13,59,151.040025395981,15.104002539598
13,60,219.960610607363,21.996061060736
13,61,1053.049556452371,105.304955645237
13,62,1239.441801451429,123.944180145143
13,63,171.717750442937,17.171775044294
13,64,625.686412360060,62.568641236006
13,65,148.798409692133,14.879840969213
13,66,42.983913024954,4.298391302495
13,67,34.056054485222,3.405605448522
13,68,53.768938266435,5.376893826643
13,69,55.949194422044,5.594919442204
13,70,308.586376453211,30.858637645321
13,71,348.015685692302,34.801568569230
13,72,121.502796168947,12.150279616895
13,73,394.576780691864,39.457678069186
13,74,112.211827229032,11.221182722903
13,75,232.874449150880,23.287444915088
13,76,103.667532272231,10.366753227223
13,77,427.518092446453,42.751809244645
13,78,103.470615049600,10.347061504960
13,79,188.609865843489,18.860986584349
13,80,50.047078800020,5.004707880002
13,81,273.172708759982,27.317270875998
13,82,118.777210348686,11.877721034869
13,83,312.356756889951,31.235675688995
13,84,455.636614542991,45.563661454299
13,85,294.185919129127,29.418591912913
13,86,288.087328994056,28.808732899406
13,87,65.905998575174,6.590599857517
13,88,18.531734613091,1.853173461309
13,89,99.965329111312,9.996532911131
13,90,200.201419403743,20.020141940374
13,91,67.017907964474,6.701790796447
13,92,34.013465823313,3.401346582331
13,93,132.611530657703,13.261153065770
13,94,49.018752980037,4.901875298004
13,95,75.325707461901,7.532570746190
13,96,194.880227296864,19.488022729686
13,97,60.638108702119,6.063810870212
13,98,312.626101400402,31.262610140040
13,99,1003.040904844178,100.304090484418
13,100,235.060371989154,23.506037198915
13,101,366.593196476302,36.659319647630
13,102,107.923742205634,10.792374220563
13,103,113.140454850864,11.314045485086
13,104,239.012174813113,23.901217481311
13,105,160.226249248499,16.022624924850
13,106,189.624821834058,18.962482183406
13,107,36.004950612623,3.600495061262
13,108,984.207862088727,98.420786208873
13,109,515.398158270265,51.539815827027
13,110,301.616268232544,30.161626823254
13,111,191.002091347559,19.100209134756
13,112,35.311401779497,3.531140177950
13,113,750.596655649395,75.059665564939
13,114,83.026906288352,8.302690628835
13,115,36.204789718503,3.620478971850
13,116,51.109227632162,5.110922763216
13,117,308.604704629957,30.860470462996
13,118,112.079899773222,11.207989977322
13,119,112.911839622072,11.291183962207
13,120,46.296531752609,4.629653175261
13,121,107.740371896251,10.774037189625
13,122,89.219705022740,8.921970502274
13,123,72.565059042646,7.256505904265
13,124,141.021241901195,14.102124190119
13,125,30.034215005194,3.003421500519
13,126,500.352673083382,50.035267308338
13,127,394.275029839916,39.427502983992
13,128,595.710723561771,59.571072356177
13,129,70.509027196098,7.050902719610
13,130,89.195975789077,8.919597578908
13,131,228.579015148399,22.857901514840
13,132,122.702184971898,12.270218497190
13,133,367.254161884099,36.725416188410
13,134,836.718101924688,83.671810192469
13,135,177.572673223386,17.757267322339
13,136,204.200060901609,20.420006090161
13,137,2430.155355951345,243.015535595135
13,138,52.514033681744,5.251403368174
13,139,55.714292717169,5.571429271717
13,140,64.427791276689,6.442779127669
13,141,66.968944284566,6.696894428457
13,142,90.996564206089,9.099656420609
13,143,130.834671474357,13.083467147436
13,144,60.185216798450,6.018521679845
13,145,186.953335124869,18.695333512487
13,146,54.679503337272,5.467950333727
13,147,74.120829060117,7.412082906012
13,148,401.298705920158,40.129870592016
13,149,1587.579586446788,158.757958644679
13,150,882.850299879995,88.285029987999
13,151,746.147689963443,74.614768996344
13,152,334.401214962330,33.440121496233
13,153,262.039802327978,26.203980232798
13,154,179.357678263066,17.935767826307
13,155,502.582424170399,50.258242417040
13,156,541.445065142926,54.144506514293
13,157,254.893495693178,25.489349569318
13,158,666.836002497754,66.683600249775
13,159,463.790174021612,46.379017402161
13,160,1323.644013141398,132.364401314140
13,161,218.260517265752,21.826051726575
13,162,78.755201519534,7.875520151953
13,163,82.834947413053,8.283494741305
13,164,69.663097724416,6.966309772442
13,165,2031.244625523261,203.124462552326
13,166,652.438201431176,65.243820143118
13,167,2710.960909178133,271.096090917813
13,168,172.641508259354,17.264150825935
13,169,48.653340490020,4.865334049002
13,170,213.792072358137,21.379207235814
13,171,59.848314805594,5.984831480559
13,172,631.183448713408,63.118344871341
13,173,65.497466171747,6.549746617175
13,174,474.946898229190,47.494689822919
13,175,215.340581938443,21.534058193844
13,176,624.011110755109,62.401111075511
13,177,797.862632847417,79.786263284742
13,178,901.869988995754,90.186998899575
13,179,481.377254925956,48.137725492596
13,180,450.230068028462,45.023006802846
13,181,408.162563840843,40.816256384084
13,182,736.869293975695,73.686929397569
13,183,333.338092169103,33.333809216910
13,184,658.615239704399,65.861523970440
13,185,376.388500173460,37.638850017346
13,186,563.626143392696,56.362614339270
13,187,77.897230347189,7.789723034719
13,188,71.143607112734,7.114360711273
13,189,129.865668738529,12.986566873853
13,190,233.028600627769,23.302860062777
13,191,324.326827143887,32.432682714389
13,192,162.003285515679,16.200328551568
13,193,46.209849216208,4.620984921621
14,1,84.010971439435,8.401097143944
14,2,101.538083146614,10.153808314661
14,3,465.693113660593,46.569311366059
14,4,108.011302898137,10.801130289814
14,5,121.968264587717,12.196826458772
14,6,103.775609856562,10.377560985656
14,7,700.226586946358,70.022658694636
14,8,1598.384041535926,159.838404153593
14,9,404.661733237659,40.466173323766
14,10,889.025860677885,88.902586067789
14,11,736.363583753256,73.636358375326
14,12,404.051531562958,40.405153156296
14,13,435.496721331959,43.549672133196
14,14,467.038035045863,46.703803504586
14,15,138.158955051511,13.815895505151
14,16,595.194222069796,59.519422206980
14,17,641.802760686372,64.180276068637
14,18,670.068716537320,67.006871653732
14,19,630.825370007655,63.082537000766
14,20,325.770198314428,32.577019831443
14,21,983.318748421389,98.331874842139
14,22,794.053323291963,79.405332329196
14,23,464.673187061762,46.467318706176
14,24,760.214710593810,76.021471059381
14,25,614.764984910374,61.476498491037
14,26,725.599691319049,72.559969131905
14,27,41.331397340340,4.133139734034
14,28,164.501708588070,16.450170858807
14,29,800.005954566713,80.000595456671
14,30,621.589513717352,62.158951371735
14,31,505.531198840895,50.553119884089
14,32,208.431979095397,20.843197909540
14,33,601.051271961896,60.105127196190
14,34,1344.188383670829,134.418838367083
14,35,818.891009153107,81.889100915311
14,36,944.684337587851,94.468433758785
14,37,1158.164496690913,115.816449669091
14,38,469.069840236851,46.906984023685
14,39,904.967786351059,90.496778635106
14,40,1371.777040982425,137.177704098243
14,41,247.863504298005,24.786350429801
14,42,1512.713824315661,151.271382431566
14,43,788.441692389955,78.844169238996
14,44,243.256517824851,24.325651782485
14,45,445.390705628852,44.539070562885
14,46,1401.135445919333,140.113544591933
14,47,3548.860507984461,354.886050798446
14,48,247.548818194280,24.754881819428
14,49,506.467480426521,50.646748042652
14,50,602.278638193472,60.227863819347
14,51,2412.879753919566,241.287975391957
14,52,555.274481271204,55.527448127120
14,53,1152.414964550917,115.241496455092
14,54,495.145020158199,49.514502015820
14,55,1441.280983040053,144.128098304005
14,56,200.245166911224,20.024516691122
14,57,2269.379363965457,226.937936396546
14,58,1698.794770758653,169.879477075865
14,59,154.255782246435,15.425578224644
14,60,224.643739059814,22.464373905981
14,61,1075.469781264647,107.546978126465
14,62,1265.830458718321,126.583045871832
14,63,175.373751763672,17.537375176367
14,64,639.007751266805,63.900775126680
14,65,151.966440841821,15.196644084182
14,66,43.899073178078,4.389907317808
14,67,34.781133749631,3.478113374963
14,68,54.913719797811,5.491371979781
14,69,57.140395262804,5.714039526280
14,70,315.156414768781,31.515641476878
14,71,355.425203946796,35.542520394680
14,72,124.089682976634,12.408968297663
14,73,402.977620020470,40.297762002047
14,74,114.600902251813,11.460090225181
14,75,237.832523033544,23.783252303354
14,76,105.874692766280,10.587469276628
14,77,436.620277320122,43.662027732012
14,78,105.673583026426,10.567358302643
14,79,192.625513130089,19.262551313009
14,80,51.112619116729,5.111261911673
14,81,278.988763194885,27.898876319488
14,82,121.306067364270,12.130606736427
14,83,319.007069468495,31.900706946850
14,84,465.337464107158,46.533746410716
14,85,300.449360771610,30.044936077161
14,86,294.220927020891,29.422092702089
14,87,67.309187338209,6.730918733821
14,88,18.926289317228,1.892628931723
14,89,102.093666888368,10.209366688837
14,90,204.463859669032,20.446385966903
14,91,68.444770122865,6.844477012286
14,92,34.737638342765,3.473763834277
14,93,135.434930859364,13.543493085936
14,94,50.062399459062,5.006239945906
14,95,76.929448981083,7.692944898108
14,96,199.029375340934,19.902937534093
14,97,61.929140088973,6.192914008897
14,98,319.282148528133,31.928214852813
14,99,1024.396407483840,102.439640748384
14,100,240.064985829180,24.006498582918
14,101,374.398244044376,37.439824404438
14,102,110.221520641612,11.022152064161
14,103,115.549301060975,11.554930106098
14,104,244.100925536520,24.410092553652
14,105,163.637587781399,16.363758778140
14,106,193.662078304522,19.366207830452
14,107,36.771523355703,3.677152335570
14,108,1005.162394945070,100.516239494507
14,109,526.371376487251,52.637137648725
14,110,308.037907650536,30.803790765054
14,111,195.068670931955,19.506867093196
14,112,36.063208341194,3.606320834119
14,113,766.577428500860,76.657742850086
14,114,84.794612179348,8.479461217935
14,115,36.975617187920,3.697561718792
14,116,52.197381904175,5.219738190418
14,117,315.175133166330,31.517513316633
14,118,114.466165960274,11.446616596027
14,119,115.315818440337,11.531581844034
14,120,47.282220074267,4.728222007427
14,121,110.034246239078,11.003424623908
14,122,91.119260302013,9.111926030201
14,123,74.110024260363,7.411002426036
14,124,144.023691242119,14.402369124212
14,125,30.673666252622,3.067366625262
14,126,511.005561494204,51.100556149420
14,127,402.669444663714,40.266944466371
14,128,608.393857288481,60.839385728848
14,129,72.010217934316,7.201021793432
14,130,91.095025854944,9.109502585494
14,131,233.445635978914,23.344563597891
14,132,125.314607678096,12.531460767810
14,133,375.073281907686,37.507328190769
14,134,854.532465773670,85.453246577367
14,135,181.353330296732,18.135333029673
14,136,208.547635281221,20.854763528122
14,137,2481.895209100079,248.189520910008
14,138,53.632097341455,5.363209734145
14,139,56.900492322232,5.690049232223
14,140,65.799507883691,6.579950788369
14,141,68.394763969025,6.839476396903
14,142,92.933950166839,9.293395016684
14,143,133.620240994539,13.362024099454
14,144,61.466605772719,6.146660577272
14,145,190.933713614391,19.093371361439
14,146,55.843671490549,5.584367149055
14,147,75.698917803061,7.569891780306
14,148,409.842660141947,40.984266014195
14,149,1621.380361555063,162.138036155506
14,150,901.646853259285,90.164685325929
14,151,762.033740956616,76.203374095662
14,152,341.520870795253,34.152087079525
14,153,267.618828729879,26.761882872988
14,154,183.176339449358,18.317633944936
14,155,513.282785675283,51.328278567528
14,156,552.972841788973,55.297284178897
14,157,260.320371799447,26.032037179945
14,158,681.033447430247,68.103344743025
14,159,473.664619059432,47.366461905943
14,160,1351.825399443891,135.182539944389
14,161,222.907449439797,22.290744943980
14,162,80.431959571788,8.043195957179
14,163,84.598566353808,8.459856635381
14,164,71.146277981728,7.114627798173
14,165,2074.491366262018,207.449136626202
14,166,666.329106244320,66.632910624432
14,167,2768.679325817355,276.867932581735
14,168,176.317177085563,17.631717708556
14,169,49.689207059613,4.968920705961
14,170,218.343867946467,21.834386794647
14,171,61.122530880570,6.112253088057
14,172,644.621823698927,64.462182369893
14,173,66.891956969646,6.689195696965
14,174,485.058878398542,48.505887839854
14,175,219.925346471777,21.992534647178
14,176,637.296781218350,63.729678121835
14,177,814.849734250335,81.484973425034
14,178,921.071486001127,92.107148600113
14,179,491.626142273020,49.162614227302
14,180,459.815808111247,45.981580811125
14,181,416.852654810631,41.685265481063
14,182,752.557800871661,75.255780087166
14,183,340.435113310353,34.043511331035
14,184,672.637658353631,67.263765835363
14,185,384.402097196447,38.440209719645
14,186,575.626172040457,57.562617204046
14,187,79.555721541583,7.955572154158
14,188,72.658308539319,7.265830853932
14,189,132.630607454542,13.263060745454
14,190,237.989956512449,23.798995651245
14,191,331.231991609000,33.123199160900
14,192,165.452458500307,16.545245850031
14,193,47.193692000833,4.719369200083
15,1,83.566284114494,8.356628411449
15,2,101.000621219909,10.100062121991
15,3,463.228104371814,46.322810437181
15,4,107.439576889898,10.743957688990
15,5,121.322661514952,12.132266151495
15,6,103.226304241467,10.322630424147
15,7,696.520143817953,69.652014381795
15,8,1589.923466548137,158.992346654814
15,9,402.519775579312,40.251977557931
15,10,884.320064220407,88.432006422041
15,11,732.465860079392,73.246586007939
15,12,401.912803827392,40.191280382739
15,13,433.191547749128,43.319154774913
15,14,464.565906811988,46.456590681199
15,15,137.427651329082,13.742765132908
15,16,592.043736818904,59.204373681890
15,17,638.405566868709,63.840556686871
15,18,666.521905210433,66.652190521043
15,19,627.486281773253,62.748628177325
15,20,324.045829752178,32.404582975218
15,21,978.113840344401,97.811384034440
15,22,789.850235979130,78.985023597913
15,23,462.213576453931,46.221357645393
15,24,756.190738007335,75.619073800733
15,25,611.510907592571,61.151090759257
15,26,721.758943138391,72.175894313839
15,27,41.112621766097,4.111262176610
15,28,163.630967261229,16.363096726123
15,29,795.771358754067,79.577135875407
15,30,618.299312767037,61.829931276704
15,31,502.855318385814,50.285531838581
15,32,207.328705824916,20.732870582492
15,33,597.869784143078,59.786978414308
15,34,1337.073318503616,133.707331850362
15,35,814.556450868160,81.455645086816
15,36,939.683929381653,93.968392938165
15,37,1152.034094160723,115.203409416072
15,38,466.586957240834,46.658695724083
15,39,900.177606007042,90.017760600704
15,40,1364.515943386251,136.451594338625
15,41,246.551511866678,24.655151186668
15,42,1504.706719381487,150.470671938149
15,43,784.268308591932,78.426830859193
15,44,241.968911119051,24.196891111905
15,45,443.033161155237,44.303316115524
15,46,1393.718948256569,139.371894825657
15,47,3530.075660495524,353.007566049552
15,48,246.238491461127,24.623849146113
15,49,503.786644040725,50.378664404072
15,50,599.090653673130,59.909065367313
15,51,2400.107885855282,240.010788585528
15,52,552.335299406572,55.233529940657
15,53,1146.314995475109,114.631499547511
15,54,492.524115879868,49.252411587987
15,55,1433.651986804726,143.365198680473
15,56,199.185228118938,19.918522811894
15,57,2257.367072935499,225.736707293550
15,58,1689.802701160000,168.980270116000
15,59,153.439274711900,15.343927471190
15,60,223.454653614475,22.345465361447
15,61,1069.777098846004,106.977709884600
15,62,1259.130158140043,125.913015814004
15,63,174.445462479539,17.444546247954
15,64,635.625352008003,63.562535200800
15,65,151.162051261497,15.116205126150
15,66,43.666706368310,4.366670636831
15,67,34.597030065783,3.459703006578
15,68,54.623050201435,5.462305020144
15,69,56.837939415905,5.683793941591
15,70,313.488227142563,31.348822714256
15,71,353.543865349563,35.354386534956
15,72,123.432850800666,12.343285080067
15,73,400.844576719244,40.084457671924
15,74,113.994296140907,11.399429614091
15,75,236.573626646086,23.657362664609
15,76,105.314276274260,10.531427627426
15,77,434.309156524706,43.430915652471
15,78,105.114231049561,10.511423104956
15,79,191.605906730095,19.160590673010
15,80,50.842069526880,5.084206952688
15,81,277.512018376104,27.751201837610
15,82,120.663969437402,12.066396943740
15,83,317.318499536153,31.731849953615
15,84,462.874337344504,46.287433734450
15,85,298.859020602548,29.885902060255
15,86,292.663555230788,29.266355523079
15,87,66.952905986516,6.695290598652
15,88,18.826108581029,1.882610858103
15,89,101.553264142819,10.155326414282
15,90,203.381590469597,20.338159046960
15,91,68.082477898282,6.808247789828
15,92,34.553764889039,3.455376488904
15,93,134.718045956408,13.471804595641
15,94,49.797408897541,4.979740889754
15,95,76.522245608827,7.652224560883
15,96,197.975871983114,19.797587198311
15,97,61.601336432257,6.160133643226
15,98,317.592122545836,31.759212254584
15,99,1018.974066921425,101.897406692143
15,100,238.794272557669,23.879427255767
15,101,372.416477249464,37.241647724946
15,102,109.638095496952,10.963809549695
15,103,114.937674880402,11.493767488040
15,104,242.808849207288,24.280884920729
15,105,162.771420423450,16.277142042345
15,106,192.636985152184,19.263698515218
15,107,36.576884130911,3.657688413091
15,108,999.841863961060,99.984186396106
15,109,523.585184691996,52.358518469200
15,110,306.407399744404,30.640739974440
15,111,194.036132395971,19.403613239597
15,112,35.872318373237,3.587231837324
15,113,762.519776741809,76.251977674181
15,114,84.345776883036,8.434577688304
15,115,36.779897652558,3.677989765256
15,116,51.921090442117,5.192109044212
15,117,313.506846459790,31.350684645979
15,118,113.860273036231,11.386027303623
15,119,114.705428131225,11.470542813122
15,120,47.031945573189,4.703194557319
15,121,109.451812376291,10.945181237629
15,122,90.636947344311,9.063694734431
15,123,73.717744682172,7.371774468217
15,124,143.261344266607,14.326134426661
15,125,30.511304237776,3.051130423778
15,126,508.300704113343,50.830070411334
15,127,400.538032597941,40.053803259794
15,128,605.173503657602,60.517350365760
15,129,71.629053062241,7.162905306224
15,130,90.612841175148,9.061284117515
15,131,232.209960285560,23.220996028556
15,132,124.651291724123,12.465129172412
15,133,373.087941998732,37.308794199873
15,134,850.009249939239,85.000924993924
15,135,180.393389875413,18.039338987541
15,136,207.443749818796,20.744374981880
15,137,2468.758028058003,246.875802805800
15,138,53.348211635943,5.334821163594
15,139,56.599306330866,5.659930633087
15,140,65.451217575390,6.545121757539
15,141,68.032736437284,6.803273643728
15,142,92.442031683004,9.244203168300
15,143,132.912961617717,13.291296161772
15,144,61.141250405128,6.114125040513
15,145,189.923062256675,18.992306225667
15,146,55.548079468881,5.554807946888
15,147,75.298227885041,7.529822788504
15,148,407.673278773504,40.767327877350
15,149,1612.798062322720,161.279806232272
15,150,896.874251296133,89.687425129613
15,151,758.000139868861,75.800013986886
15,152,339.713130688888,33.971313068889
15,153,266.202267309235,26.620226730923
15,154,182.206749466208,18.220674946621
15,155,510.565874479164,51.056587447916
15,156,550.045842974801,55.004584297480
15,157,258.942442610200,25.894244261020
15,158,677.428597530946,67.742859753095
15,159,471.157414955489,47.115741495549
15,160,1344.669909983797,134.466990998380
15,161,221.727554531993,22.172755453199
15,162,80.006216691675,8.000621669168
15,163,84.150768768312,8.415076876831
15,164,70.769686121246,7.076968612125
15,165,2063.510657427542,206.351065742754
15,166,662.802089442708,66.280208944271
15,167,2754.024137549390,275.402413754939
15,168,175.383894057453,17.538389405745
15,169,49.426191882105,4.942619188210
15,170,217.188129012718,21.718812901272
15,171,60.798996772044,6.079899677204
15,172,641.209708001795,64.120970800180
15,173,66.537884103981,6.653788410398
15,174,482.491362139909,48.249136213991
15,175,218.761236447410,21.876123644741
15,176,633.923438475393,63.392343847539
15,177,810.536567263394,81.053656726339
15,178,916.196065467688,91.619606546769
15,179,489.023864137998,48.902386413800
15,180,457.381908607748,45.738190860775
15,181,414.646168100782,41.464616810078
15,182,748.574357880826,74.857435788083
15,183,338.633120341335,33.863312034134
15,184,669.077249090133,66.907724909013
15,185,382.367377952335,38.236737795234
15,186,572.579264497009,57.257926449701
15,187,79.134616769314,7.913461676931
15,188,72.273713190574,7.227371319057
15,189,131.928566411284,13.192856641128
15,190,236.730226797255,23.673022679725
15,191,329.478712653168,32.947871265317
15,192,164.576684658927,16.457668465893
15,193,46.943886097028,4.694388609703
16,1,82.440875852645,8.244087585264
16,2,99.640420335340,9.964042033534
16,3,456.989694452017,45.698969445202
16,4,105.992660962469,10.599266096247
16,5,119.688778579205,11.968877857921
16,6,101.836129521310,10.183612952131
16,7,687.139931059866,68.713993105987
16,8,1568.511565517470,156.851156551747
16,9,397.098940061799,39.709894006180
16,10,872.410702485135,87.241070248513
16,11,722.601557278445,72.260155727844
16,12,396.500142551818,39.650014255182
16,13,427.357647726340,42.735764772634
16,14,458.309480368722,45.830948036872
16,15,135.576878426456,13.557687842646
16,16,584.070534230659,58.407053423066
16,17,629.807997801503,62.980799780150
16,18,657.545686310965,65.754568631097
16,19,619.035765477270,61.903576547727
16,20,319.681822690179,31.968182269018
16,21,964.941334128332,96.494133412833
16,22,779.213123289327,77.921312328933
16,23,455.988829437931,45.598882943793
16,24,746.006926281055,74.600692628106
16,25,603.275535696983,60.327553569698
16,26,712.038833093075,71.203883309307
16,27,40.558947701346,4.055894770135
16,28,161.427307682471,16.142730768247
16,29,785.054504807836,78.505450480784
16,30,609.972519703821,60.997251970382
16,31,496.083238762763,49.608323876276
16,32,204.536557760344,20.453655776034
16,33,589.818120703522,58.981812070352
16,34,1319.066614301242,131.906661430124
16,35,803.586613340228,80.358661334023
16,36,927.028968486139,92.702896848614
16,37,1136.519359944189,113.651935994419
16,38,460.303312800809,46.030331280081
16,39,888.054686749996,88.805468675000
16,40,1346.139662420988,134.613966242099
16,41,243.231140363191,24.323114036319
16,42,1484.442453815594,148.444245381559
16,43,773.706369128570,77.370636912857
16,44,238.710254657663,23.871025465766
16,45,437.066721638149,43.706672163815
16,46,1374.949383046349,137.494938304635
16,47,3482.535239674262,348.253523967426
16,48,242.922335482528,24.292233548253
16,49,497.002022019771,49.700202201977
16,50,591.022548475150,59.102254847515
16,51,2367.785026550343,236.778502655034
16,52,544.896860377608,54.489686037761
16,53,1130.877281805551,113.087728180555
16,54,485.891169171224,48.589116917122
16,55,1414.344633274981,141.434463327498
16,56,196.502750326146,19.650275032615
16,57,2226.966540222739,222.696654022274
16,58,1667.045701241541,166.704570124154
16,59,151.372869231716,15.137286923172
16,60,220.445333336673,22.044533333667
16,61,1055.370140368251,105.537014036825
16,62,1242.173134171237,124.217313417124
16,63,172.096161361310,17.209616136131
16,64,627.065224796769,62.706522479677
16,65,149.126313724877,14.912631372488
16,66,43.078635800911,4.307863580091
16,67,34.131103120676,3.413110312068
16,68,53.887427783429,5.388742778343
16,69,56.072488525238,5.607248852524
16,70,309.266401982370,30.926640198237
16,71,348.782600789263,34.878260078926
16,72,121.770549412654,12.177054941265
16,73,395.446301528033,39.544630152803
16,74,112.459106153222,11.245910615322
16,75,233.387629843856,23.338762984386
16,76,103.895982307195,10.389598230719
16,77,428.460205382165,42.846020538217
16,78,103.698631142080,10.369863114208
16,79,189.025501573423,18.902550157342
16,80,50.157366530913,5.015736653091
16,81,273.774693909039,27.377469390904
16,82,119.038957274288,11.903895727429
16,83,313.045091129886,31.304509112989
16,84,456.640691694646,45.664069169465
16,85,294.834210663012,29.483421066301
16,86,288.722181188748,28.872218118875
16,87,66.051234285418,6.605123428542
16,88,18.572572620204,1.857257262020
16,89,100.185620676377,10.018562067638
16,90,200.642599204786,20.064259920479
16,91,67.165593966853,6.716559396685
16,92,34.088420606998,3.408842060700
16,93,132.903763993940,13.290376399394
16,94,49.126774610211,4.912677461021
16,95,75.491701193266,7.549170119327
16,96,195.309680894956,19.530968089496
16,97,60.771735670461,6.077173567046
16,98,313.315029189364,31.331502918936
16,99,1005.251285710385,100.525128571039
16,100,235.578369755884,23.557836975588
16,101,367.401050456394,36.740105045639
16,102,108.161571563967,10.816157156397
16,103,113.389780172881,11.338978017288
16,104,239.538881087449,23.953888108745
16,105,160.579336579128,16.057933657913
16,106,190.042694201890,19.004269420189
16,107,36.084293990882,3.608429399088
16,108,986.376740961189,98.637674096119
16,109,516.533930721835,51.653393072184
16,110,302.280933875808,30.228093387581
16,111,191.422998776240,19.142299877624
16,112,35.389216798282,3.538921679828
16,113,752.250730251811,75.225073025181
16,114,83.209870995129,8.320987099513
16,115,36.284573478141,3.628457347814
16,116,51.221855998861,5.122185599886
16,117,309.284770548547,30.928477054855
16,118,112.326887971558,11.232688797156
16,119,113.160661149354,11.316066114935
16,120,46.398554479164,4.639855447916
16,121,107.977797165158,10.797779716516
16,122,89.416316674288,8.941631667429
16,123,72.724969189169,7.272496918917
16,124,141.332007547264,14.133200754726
16,125,30.100400794686,3.010040079469
16,126,501.455290104880,50.145529010488
16,127,395.143885713862,39.514388571386
16,128,597.023479182002,59.702347918200
16,129,70.664406507007,7.066440650701
16,130,89.392535148995,8.939253514900
16,131,229.082730080723,22.908273008072
16,132,122.972581284346,12.297258128435
16,133,368.063472420234,36.806347242023
16,134,838.561960608788,83.856196060879
16,135,177.963986516153,17.796398651615
16,136,204.650052427692,20.465005242769
16,137,2435.510639943021,243.551063994302
16,138,52.629757790997,5.262975779100
16,139,55.837069172249,5.583706917225
16,140,64.569769491538,6.456976949154
16,141,67.116522386677,6.711652238668
16,142,91.197091486123,9.119709148612
16,143,131.122989182107,13.112298918211
16,144,60.317845738105,6.031784573811
16,145,187.365320391709,18.736532039171
16,146,54.799999448015,5.479999944802
16,147,74.284167625424,7.428416762542
16,148,402.183039726402,40.218303972640
16,149,1591.078103331309,159.107810333131
16,150,884.795819151597,88.479581915160
16,151,747.791960470553,74.779196047055
16,152,335.138128126708,33.513812812671
16,153,262.617254117286,26.261725411729
16,154,179.752925135179,17.975292513518
16,155,503.689954849071,50.368995484907
16,156,542.638236634054,54.263823663405
16,157,255.455199311724,25.545519931172
16,158,668.305495450336,66.830549545034
16,159,464.812219006658,46.481221900666
16,160,1326.560900564622,132.656090056462
16,161,218.741493533901,21.874149353390
16,162,78.928752757288,7.892875275729
16,163,83.017489103956,8.301748910396
16,164,69.816612877733,6.981661287773
16,165,2035.720838041775,203.572083804177
16,166,653.875966242024,65.387596624202
16,167,2716.934998663163,271.693499866316
16,168,173.021954844062,17.302195484406
16,169,48.760556868112,4.876055686811
16,170,214.263201605016,21.426320160502
16,171,59.980201321171,5.998020132117
16,172,632.574374857462,63.257437485746
16,173,65.641801607433,6.564180160743
16,174,475.993529060735,47.599352906073
16,175,215.815123604427,21.581512360443
16,176,625.386231363704,62.538623136370
16,177,799.620866523623,79.962086652362
16,178,903.857421569896,90.385742156990
16,179,482.438056203927,48.243805620393
16,180,451.222230883393,45.122223088339
16,181,409.062023391354,40.906202339135
16,182,738.493117870048,73.849311787005
16,183,334.072662551378,33.407266255138
16,184,660.066616729009,66.006661672901
16,185,377.217939865327,37.721793986533
16,186,564.868194875375,56.486819487537
16,187,78.068890891299,7.806889089130
16,188,71.300384834515,7.130038483451
16,189,130.151851074635,13.015185107463
16,190,233.542121021223,23.354212102122
16,191,325.041539584481,32.504153958448
16,192,162.360288865032,16.236028886503
16,193,46.311680922218,4.631168092222
17,1,81.698786176627,8.169878617663
17,2,98.743509349373,9.874350934937
17,3,452.876112072016,45.287611207202
17,4,105.038570426429,10.503857042643
17,5,118.611402750769,11.861140275077
17,6,100.919453908858,10.091945390886
17,7,680.954656539853,68.095465653985
17,8,1554.392644200268,155.439264420027
17,9,393.524462950420,39.352446295042
17,10,864.557717314057,86.455771731406
17,11,716.097075733525,71.609707573352
17,12,392.931055502657,39.293105550266
17,13,423.510797543530,42.351079754353
17,14,454.184017965697,45.418401796570
17,15,134.356486227242,13.435648622724
17,16,578.813036550827,57.881303655083
17,17,624.138795379671,62.413879537967
17,18,651.626803714503,65.162680371450
17,19,613.463529060624,61.346352906062
17,20,316.804214006679,31.680421400668
17,21,956.255436573105,95.625543657311
17,22,772.199054015682,77.219905401568
17,23,451.884256321677,45.188425632168
17,24,739.291761837385,73.929176183738
17,25,597.845164631604,59.784516463160
17,26,705.629431670576,70.562943167058
17,27,40.193857252609,4.019385725261
17,28,159.974223430036,15.997422343004
17,29,777.987854470807,77.798785447081
17,30,604.481865888647,60.448186588865
17,31,491.617756729441,49.161775672944
17,32,202.695426570115,20.269542657011
17,33,584.508886254284,58.450888625428
17,34,1307.193066060415,130.719306606041
17,35,796.353146648152,79.635314664815
17,36,918.684338231210,91.868433823121
17,37,1126.289006677247,112.628900667725
17,38,456.159902960322,45.615990296032
17,39,880.060882609025,88.006088260902
17,40,1334.022416750940,133.402241675094
17,41,241.041700764416,24.104170076442
17,42,1471.080278702514,147.108027870251
17,43,766.741868777730,76.674186877773
17,44,236.561509709131,23.656150970913
17,45,433.132475446511,43.313247544651
17,46,1362.572807328871,136.257280732887
17,47,3451.187277622658,345.118727762266
17,48,240.735675583890,24.073567558389
17,49,492.528269579781,49.252826957978
17,50,585.702472396617,58.570247239662
17,51,2346.471463283830,234.647146328383
17,52,539.991983635354,53.999198363535
17,53,1120.697715577133,112.069771557713
17,54,481.517430821396,48.151743082140
17,55,1401.613442105200,140.161344210520
17,56,194.733935271503,19.473393527150
17,57,2206.920551370197,220.692055137020
17,58,1652.039827134235,165.203982713423
17,59,150.010289779178,15.001028977918
17,60,218.460999663560,21.846099966356
17,61,1045.870249962619,104.587024996262
17,62,1230.991740849525,123.099174084953
17,63,170.547041664222,17.054704166422
17,64,621.420711383992,62.142071138399
17,65,147.783956590831,14.778395659083
17,66,42.690864436837,4.269086443684
17,67,33.823872769288,3.382387276929
17,68,53.402361323234,5.340236132323
17,69,55.567753290286,5.556775329029
17,70,306.482547472375,30.648254747238
17,71,345.643042111080,34.564304211108
17,72,120.674434571230,12.067443457123
17,73,391.886700604968,39.188670060497
17,74,111.446808057316,11.144680805732
17,75,231.286796381984,23.128679638198
17,76,102.960764976563,10.296076497656
17,77,424.603430551596,42.460343055160
17,78,102.765190263489,10.276519026349
17,79,187.323992804005,18.732399280401
17,80,49.705876132566,4.970587613257
17,81,271.310317205086,27.131031720509
17,82,117.967430797604,11.796743079760
17,83,310.227222835150,31.022722283515
17,84,452.530250855057,45.253025085506
17,85,292.180267196171,29.218026719617
17,86,286.123255016730,28.612325501673
17,87,65.456675596606,6.545667559661
17,88,18.405392028586,1.840539202859
17,89,99.283802081894,9.928380208189
17,90,198.836519394264,19.883651939426
17,91,66.561004394618,6.656100439462
17,92,33.781574461290,3.378157446129
17,93,131.707433773722,13.170743377372
17,94,48.684561061686,4.868456106169
17,95,74.812164355489,7.481216435549
17,96,193.551605227765,19.355160522777
17,97,60.224700268808,6.022470026881
17,98,310.494731053302,31.049473105330
17,99,996.202539039347,99.620253903935
17,100,233.457816398332,23.345781639833
17,101,364.093898225394,36.409389822539
17,102,107.187957628292,10.718795762829
17,103,112.369104635875,11.236910463587
17,104,237.382677276884,23.738267727688
17,105,159.133885319365,15.913388531937
17,106,188.332029196076,18.833202919608
17,107,35.759482036132,3.575948203613
17,108,977.497893077046,97.749789307705
17,109,511.884362248222,51.188436224822
17,110,299.559958898697,29.955995889870
17,111,189.699908990076,18.969990899008
17,112,35.070661565131,3.507066156513
17,113,745.479362348171,74.547936234817
17,114,82.460859226760,8.246085922676
17,115,35.957958712125,3.595795871212
17,116,50.760783622687,5.076078362269
17,117,306.500750694321,30.650075069432
17,118,111.315780034619,11.131578003462
17,119,112.142048022046,11.214204802205
17,120,45.980898942332,4.598089894233
17,121,107.005837470569,10.700583747057
17,122,88.611437725766,8.861143772577
17,123,72.070337026837,7.207033702684
17,124,140.059810683670,14.005981068367
17,125,29.829452718956,2.982945271896
17,126,496.941451673124,49.694145167312
17,127,391.587006979897,39.158700697990
17,128,591.649385861681,59.164938586168
17,129,70.028322452970,7.002832245297
17,130,88.587870269334,8.858787026933
17,131,227.020647076526,22.702064707653
17,132,121.865646380264,12.186564638026
17,133,364.750357412935,36.475035741294
17,134,831.013664120755,83.101366412076
17,135,176.362047723888,17.636204772389
17,136,202.807899617787,20.280789961779
17,137,2413.587446102102,241.358744610210
17,138,52.156012218741,5.215601221874
17,139,55.334453059268,5.533445305927
17,140,63.988546174501,6.398854617450
17,141,66.512374531159,6.651237453116
17,142,90.376182933481,9.037618293348
17,143,129.942688566007,12.994268856601
17,144,59.774896016394,5.977489601639
17,145,185.678755705582,18.567875570558
17,146,54.306718494659,5.430671849466
17,147,73.615500373697,7.361550037370
17,148,398.562798207088,39.856279820709
17,149,1576.756049835296,157.675604983530
17,150,876.831349633473,87.683134963347
17,151,741.060728082071,74.106072808207
17,152,332.121389860035,33.212138986004
17,153,260.253310854809,26.025331085481
17,154,178.134883252470,17.813488325247
17,155,499.156001133255,49.915600113325
17,156,537.753690842251,53.775369084225
17,157,253.155725123300,25.315572512330
17,158,662.289758675705,66.228975867570
17,159,460.628222349124,46.062822234912
17,160,1314.619892675802,131.461989267580
17,161,216.772496936166,21.677249693617
17,162,78.218277377735,7.821827737773
17,163,82.270209056821,8.227020905682
17,164,69.188160218841,6.918816021884
17,165,2017.396343044113,201.739634304411
17,166,647.990116547613,64.799011654761
17,167,2692.478569833822,269.247856983382
17,168,171.464501637916,17.146450163792
17,169,48.321639820295,4.832163982030
17,170,212.334516250608,21.233451625061
17,171,59.440290898027,5.944029089803
17,172,626.880270955241,62.688027095524
17,173,65.050928417595,6.505092841760
17,174,471.708884094099,47.170888409410
17,175,213.872468659305,21.387246865930
17,176,619.756831372272,61.975683137227
17,177,792.423097411658,79.242309741166
17,178,895.721369469506,89.572136946951
17,179,478.095400972234,47.809540097223
17,180,447.160564196024,44.716056419602
17,181,405.379860856447,40.537986085645
17,182,731.845588802538,73.184558880254
17,183,331.065515048940,33.106551504894
17,184,654.125042034510,65.412504203451
17,185,373.822421126747,37.382242112675
17,186,559.783546618157,55.978354661816
17,187,77.366155538849,7.736615553885
17,188,70.658576035973,7.065857603597
17,189,128.980292136206,12.898029213621
17,190,231.439896910518,23.143989691052
17,191,322.115685530800,32.211568553080
17,192,160.898806403622,16.089880640362
17,193,45.894807375740,4.589480737574
18,1,79.669841248178,7.966984124818
18,2,96.291267989525,9.629126798952
18,3,441.629180094125,44.162918009413
18,4,102.429994647866,10.242999464787
18,5,115.665753062079,11.566575306208
18,6,98.413174149112,9.841317414911
18,7,664.043517934880,66.404351793488
18,8,1515.790148130718,151.579014813072
18,9,383.751496904167,38.375149690417
18,10,843.086896534610,84.308689653461
18,11,698.313194257656,69.831319425766
18,12,383.172826407685,38.317282640768
18,13,412.993137183655,41.299313718365
18,14,442.904604856151,44.290460485615
18,15,131.019815952291,13.101981595229
18,16,564.438529535610,56.443852953561
18,17,608.638647791226,60.863864779123
18,18,635.444006386518,63.544400638652
18,19,598.228495906206,59.822849590621
18,20,308.936553623931,30.893655362393
18,21,932.507352799335,93.250735279934
18,22,753.021910416366,75.302191041637
18,23,440.661956541994,44.066195654199
18,24,720.931852944956,72.093185294496
18,25,582.998005064811,58.299800506481
18,26,688.105508442905,68.810550844290
18,27,39.195664664396,3.919566466440
18,28,156.001350582092,15.600135058209
18,29,758.666949160028,75.866694916003
18,30,589.469887455048,58.946988745505
18,31,479.408697073454,47.940869707345
18,32,197.661595873165,19.766159587317
18,33,569.992925908977,56.999292590898
18,34,1274.729637091538,127.472963709154
18,35,776.576149292843,77.657614929284
18,36,895.869312254312,89.586931225431
18,37,1098.318231650963,109.831823165096
18,38,444.831419821385,44.483141982138
18,39,858.205049149803,85.820504914980
18,40,1300.892695446955,130.089269544695
18,41,235.055561199825,23.505556119983
18,42,1434.546799926420,143.454679992642
18,43,747.700251406284,74.770025140628
18,44,230.686633253156,23.068663325316
18,45,422.375865948001,42.237586594800
18,46,1328.734052600043,132.873405260004
18,47,3365.478918272919,336.547891827292
18,48,234.757135988246,23.475713598825
18,49,480.296597832275,48.029659783227
18,50,571.156869988515,57.115686998851
18,51,2288.198120459741,228.819812045974
18,52,526.581576359144,52.658157635914
18,53,1092.865797224884,109.286579722488
18,54,469.559207266970,46.955920726697
18,55,1366.805134441256,136.680513444126
18,56,189.897823881646,18.989782388165
18,57,2152.112879558350,215.211287955835
18,58,1611.012316375201,161.101231637520
18,59,146.284865805256,14.628486580526
18,60,213.035639531853,21.303563953185
18,61,1019.896631029151,101.989663102915
18,62,1200.420730355430,120.042073035543
18,63,166.311598624730,16.631159862473
18,64,605.988065933538,60.598806593354
18,65,144.113822391004,14.411382239100
18,66,41.630660033029,4.163066003303
18,67,32.983875281842,3.298387528184
18,68,52.076142718961,5.207614271896
18,69,54.187758354009,5.418775835401
18,70,298.871220065281,29.887122006528
18,71,337.059185114365,33.705918511436
18,72,117.677550609115,11.767755060912
18,73,382.154407495980,38.215440749598
18,74,108.679087181868,10.867908718187
18,75,225.542914563200,22.554291456320
18,76,100.403790366476,10.040379036648
18,77,414.058635245120,41.405863524512
18,78,100.213072645052,10.021307264505
18,79,182.671903305944,18.267190330594
18,80,48.471457727924,4.847145772792
18,81,264.572473010689,26.457247301069
18,82,115.037773802192,11.503777380219
18,83,302.522898451704,30.252289845170
18,84,441.291908152418,44.129190815242
18,85,284.924129142427,28.492412914243
18,86,279.017539566776,27.901753956678
18,87,63.831094652260,6.383109465226
18,88,17.948304126058,1.794830412606
18,89,96.818142845834,9.681814284583
18,90,193.898522558625,19.389852255863
18,91,64.907998045086,6.490799804509
18,92,32.942627429321,3.294262742932
18,93,128.436551275950,12.843655127595
18,94,47.475506461458,4.747550646146
18,95,72.954244935152,7.295424493515
18,96,188.744856361617,18.874485636162
18,97,58.729052586679,5.872905258668
18,98,302.783763248724,30.278376324872
18,99,971.462390698303,97.146239069830
18,100,227.660018478000,22.766001847800
18,101,355.051824250305,35.505182425031
18,102,104.526002987366,10.452600298737
18,103,109.578479026425,10.957847902643
18,104,231.487407570899,23.148740757090
18,105,155.181881811440,15.518188181144
18,106,183.654905662368,18.365490566237
18,107,34.871414745091,3.487141474509
18,108,953.222264447245,95.322226444725
18,109,499.171992464771,49.917199246477
18,110,292.120550214457,29.212055021446
18,111,184.988814905510,18.498881490551
18,112,34.199700755920,3.419970075592
18,113,726.965787761756,72.696578776176
18,114,80.412988628511,8.041298862851
18,115,35.064962360763,3.506496236076
18,116,49.500167164167,4.950016716417
18,117,298.888971220108,29.888897122011
18,118,108.551313168863,10.855131316886
18,119,109.357061240132,10.935706124013
18,120,44.838988320637,4.483898832064
18,121,104.348405684727,10.434840568473
18,122,86.410820855061,8.641082085506
18,123,70.280509397255,7.028050939725
18,124,136.581501447202,13.658150144720
18,125,29.088654481370,2.908865448137
18,126,484.600180948135,48.460018094814
18,127,381.862156599119,38.186215659912
18,128,576.956095091492,57.695609509149
18,129,68.289207144921,6.828920714492
18,130,86.387838683594,8.638783868359
18,131,221.382712755892,22.138271275589
18,132,118.839179320632,11.883917932063
18,133,355.691980630894,35.569198063089
18,134,810.375891661745,81.037589166175
18,135,171.982192170994,17.198219217099
18,136,197.771275713858,19.777127571386
18,137,2353.647314341115,235.364731434112
18,138,50.860746016737,5.086074601674
18,139,53.960252007364,5.396025200736
18,140,62.399425426011,6.239942542601
18,141,64.860575877843,6.486057587784
18,142,88.131739575179,8.813173957518
18,143,126.715632555833,12.671563255583
18,144,58.290418978278,5.829041897828
18,145,181.067524776212,18.106752477621
18,146,52.958040671805,5.295804067181
18,147,71.787299452626,7.178729945263
18,148,388.664707844487,38.866470784449
18,149,1537.598170747594,153.759817074759
18,150,855.055719869541,85.505571986954
18,151,722.656887874886,72.265688787489
18,152,323.873335744158,32.387333574416
18,153,253.790061400532,25.379006140053
18,154,173.711000293257,17.371100029326
18,155,486.759733276652,48.675973327665
18,156,524.398870350415,52.439887035042
18,157,246.868740351133,24.686874035113
18,158,645.842152659571,64.584215265957
18,159,449.188770927952,44.918877092795
18,160,1281.972022506499,128.197202250650
18,161,211.389069851518,21.138906985152
18,162,76.275768992671,7.627576899267
18,163,80.227073151871,8.022707315187
18,164,67.469909883012,6.746990988301
18,165,1967.295401886383,196.729540188638
18,166,631.897634367857,63.189763436786
18,167,2625.612328670648,262.561232867065
18,168,167.206273978874,16.720627397887
18,169,47.121598171747,4.712159817175
18,170,207.061304002997,20.706130400300
18,171,57.964123596076,5.796412359608
18,172,611.312040311639,61.131204031164
18,173,63.435423983802,6.343542398380
18,174,459.994250463943,45.999425046394
18,175,208.561062199933,20.856106219993
18,176,604.365507477121,60.436550747712
18,177,772.743700692053,77.274370069205
18,178,873.476616334980,87.347661633498
18,179,466.222161668276,46.622216166828
18,180,436.055574741628,43.605557474163
18,181,395.312472449937,39.531247244994
18,182,713.670601568343,71.367060156834
18,183,322.843683009831,32.284368300983
18,184,637.880202316343,63.788020231634
18,185,364.538744575588,36.453874457559
18,186,545.881626637543,54.588162663754
18,187,75.444809136286,7.544480913629
18,188,68.903808722910,6.890380872291
18,189,125.777136718033,12.577713671803
18,190,225.692212923360,22.569221292336
18,191,314.116117641027,31.411611764103
18,192,156.902972040298,15.690297204030
18,193,44.755034791287,4.475503479129
19,1,77.397309632179,7.739730963218
19,2,93.544620733519,9.354462073352
19,3,429.031988251044,42.903198825104
19,4,99.508244113197,9.950824411320
19,5,112.366460925887,11.236646092589
19,6,95.606000867720,9.560600086772
19,7,645.102098380589,64.510209838059
19,8,1472.553196972316,147.255319697232
19,9,372.805229210666,37.280522921067
19,10,819.038378332595,81.903837833260
19,11,678.394253954066,67.839425395407
19,12,372.243064922530,37.224306492253
19,13,401.212770275223,40.121277027522
19,14,430.271032331872,43.027103233187
19,15,127.282558924926,12.728255892493
19,16,548.338279007167,54.833827900717
19,17,591.277616965080,59.127761696508
19,18,617.318369732979,61.731836973298
19,19,581.164408050140,58.116440805014
19,20,300.124334665684,30.012433466568
19,21,905.908172881484,90.590817288148
19,22,731.542438734860,73.154243873486
19,23,428.092354136366,42.809235413637
19,24,700.367729769489,70.036772976949
19,25,566.368357285718,56.636835728572
19,26,668.477735893346,66.847773589335
19,27,38.077633226598,3.807763322660
19,28,151.551511147470,15.155151114747
19,29,737.026456334039,73.702645633404
19,30,572.655633341657,57.265563334166
19,31,465.733868505766,46.573386850577
19,32,192.023424403849,19.202342440385
19,33,553.734239752088,55.373423975209
19,34,1238.368783890939,123.836878389094
19,35,754.424807908838,75.442480790884
19,36,870.315209170835,87.031520917083
19,37,1066.989401735531,106.698940173553
19,38,432.142886124118,43.214288612412
19,39,833.725295247362,83.372529524736
19,40,1263.785557625321,126.378555762532
19,41,228.350750621896,22.835075062190
19,42,1393.627263670460,139.362726367046
19,43,726.372576667768,72.637257666777
19,44,224.106443569798,22.410644356980
19,45,410.327862661397,41.032786266140
19,46,1290.832757750210,129.083275775021
19,47,3269.480769852804,326.948076985280
19,48,228.060837799920,22.806083779992
19,49,466.596442459429,46.659644245943
19,50,554.864983066084,55.486498306608
19,51,2222.928722517635,222.292872251764
19,52,511.561171373643,51.156117137364
19,53,1061.692494538114,106.169249453811
19,54,456.165329139699,45.616532913970
19,55,1327.817886164330,132.781788616433
19,56,184.481109076907,18.448110907691
19,57,2090.725226672768,209.072522667277
19,58,1565.059213351938,156.505921335194
19,59,142.112182927064,14.211218292706
19,60,206.958933232635,20.695893323263
19,61,990.804727458721,99.080472745872
19,62,1166.179491519091,116.617949151909
19,63,161.567665913674,16.156766591367
19,64,588.702641271255,58.870264127126
19,65,140.003067147175,14.000306714718
19,66,40.443171899028,4.044317189903
19,67,32.043031190504,3.204303119050
19,68,50.590703826225,5.059070382623
19,69,52.642086966565,5.264208696657
19,70,290.346108353379,29.034610835338
19,71,327.444785956109,32.744478595611
19,72,114.320873225771,11.432087322577
19,73,371.253695763391,37.125369576339
19,74,105.579085252038,10.557908525204
19,75,219.109446188228,21.910944618823
19,76,97.539836021907,9.753983602191
19,77,402.247875681280,40.224787568128
19,78,97.354558402344,9.735455840234
19,79,177.461303295783,17.746130329578
19,80,47.088840184893,4.708884018489
19,81,257.025711272247,25.702571127225
19,82,111.756394375501,11.175639437550
19,83,293.893624933344,29.389362493334
19,84,428.704336777242,42.870433677724
19,85,276.796849340027,27.679684934003
19,86,271.058741480204,27.105874148020
19,87,62.010353222273,6.201035322227
19,88,17.436340151473,1.743634015147
19,89,94.056466819219,9.405646681922
19,90,188.367690365336,18.836769036534
19,91,63.056538629859,6.305653862986
19,92,32.002959906777,3.200295990678
19,93,124.772980232610,12.477298023261
19,94,46.121297795684,4.612129779568
19,95,70.873271438293,7.087327143829
19,96,183.361029223031,18.336102922303
19,97,57.053843665840,5.705384366584
19,98,294.147048727729,29.414704872773
19,99,943.752043068292,94.375204306829
19,100,221.166161058625,22.116616105863
19,101,344.924196489468,34.492419648947
19,102,101.544465146180,10.154446514618
19,103,106.452822515515,10.645282251552
19,104,224.884376308774,22.488437630877
19,105,150.755417202981,15.075541720298
19,106,178.416266134385,17.841626613439
19,107,33.876729789514,3.387672978951
19,108,926.032204832572,92.603220483257
19,109,484.933428449522,48.493342844952
19,110,283.787997072082,28.378799707208
19,111,179.712126463654,17.971212646365
19,112,33.224176015217,3.322417601522
19,113,706.229550428346,70.622955042835
19,114,78.119259205529,7.811925920553
19,115,34.064756582389,3.406475658239
19,116,48.088206337895,4.808820633789
19,117,290.363353167790,29.036335316779
19,118,105.454955911593,10.545495591159
19,119,106.237720530934,10.623772053093
19,120,43.559984660135,4.355998466014
19,121,101.371933693791,10.137193369379
19,122,83.946007077590,8.394600707759
19,123,68.275802508280,6.827580250828
19,124,132.685600873830,13.268560087383
19,125,28.258919089154,2.825891908915
19,126,470.777268600508,47.077726860051
19,127,370.969781137727,37.096978113773
19,128,560.498788956619,56.049878895662
19,129,66.341300887836,6.634130088784
19,130,83.923680457966,8.392368045797
19,131,215.067911494949,21.506791149495
19,132,115.449367216148,11.544936721615
19,133,345.546092815922,34.554609281592
19,134,787.260434095976,78.726043409598
19,135,167.076509380944,16.707650938094
19,136,192.129975696754,19.212997569675
19,137,2286.511019716316,228.651101971632
19,138,49.409975542923,4.940997554292
19,139,52.421070093948,5.242107009395
19,140,60.619521451320,6.061952145132
19,141,63.010469149814,6.301046914981
19,142,85.617837684329,8.561783768433
19,143,123.101149625872,12.310114962587
19,144,56.627721802502,5.662772180250
19,145,175.902688644523,17.590268864452
19,146,51.447446200139,5.144744620014
19,147,69.739612334422,6.973961233442
19,148,377.578293929743,37.757829392974
19,149,1493.739159596317,149.373915959632
19,150,830.665798584392,83.066579858439
19,151,702.043559173771,70.204355917377
19,152,314.635054563647,31.463505456365
19,153,246.550861104374,24.655086110437
19,154,168.756004349643,16.875600434964
19,155,472.875221070584,47.287522107058
19,156,509.440725667378,50.944072566738
19,157,239.826966341543,23.982696634154
19,158,627.419915488407,62.741991548841
19,159,436.375946558124,43.637594655812
19,160,1245.404584862241,124.540458486224
19,161,205.359330906545,20.535933090655
19,162,74.100051131876,7.410005113188
19,163,77.938646849769,7.793864684977
19,164,65.545373559912,6.554537355991
19,165,1911.179550156902,191.117955015690
19,166,613.873155723524,61.387315572352
19,167,2550.718404761966,255.071840476197
19,168,162.436821221631,16.243682122163
19,169,45.777484515137,4.577748451514
19,170,201.155011829893,20.115501182989
19,171,56.310733788816,5.631073378882
19,172,593.874752661965,59.387475266196
19,173,61.625968808306,6.162596880831
19,174,446.873206653899,44.687320665390
19,175,202.611990376895,20.261199037689
19,176,587.126365264173,58.712636526417
19,177,750.701677470046,75.070167747005
19,178,848.561250678951,84.856125067895
19,179,452.923470647045,45.292347064705
19,180,423.617366450920,42.361736645092
19,181,384.036435272428,38.403643527243
19,182,693.313600976110,69.331360097611
19,183,313.634772019541,31.363477201954
19,184,619.685074721355,61.968507472136
19,185,354.140508438484,35.414050843848
19,186,530.310699977080,53.031069997708
19,187,73.292793877575,7.329279387758
19,188,66.938371346203,6.693837134620
19,189,122.189423785721,12.218942378572
19,190,219.254485907498,21.925448590750
19,191,305.156154909207,30.515615490921
19,192,152.427414426284,15.242741442628
19,193,43.478425851884,4.347842585188
20,1,75.110615999464,7.511061599946
20,2,90.780856855643,9.078085685564
20,3,416.356292927429,41.635629292743
20,4,96.568285743872,9.656828574387
20,5,109.046608182282,10.904660818228
20,6,92.781333776931,9.278133377693
20,7,626.042639236222,62.604263923622
20,8,1429.046800750607,142.904680075061
20,9,361.790746305117,36.179074630512
20,10,794.839994001361,79.483999400136
20,11,658.351182323282,65.835118232328
20,12,361.245191089109,36.124519108911
20,13,389.358990195365,38.935899019537
20,14,417.558729609062,41.755872960906
20,15,123.522011970096,12.352201197010
20,16,532.137694553535,53.213769455354
20,17,573.808395253021,57.380839525302
20,18,599.079777304697,59.907977730470
20,19,563.993979804443,56.399397980444
20,20,291.257199511186,29.125719951119
20,21,879.143231559907,87.914323155991
20,22,709.929110769505,70.992911076951
20,23,415.444420182716,41.544442018272
20,24,679.675454600824,67.967545460082
20,25,549.635076471026,54.963507647103
20,26,648.727646522745,64.872764652274
20,27,36.952634413824,3.695263441382
20,28,147.073941097345,14.707394109734
20,29,715.251103768795,71.525110376879
20,30,555.736595758512,55.573659575851
20,31,451.973820815304,45.197382081530
20,32,186.350116843118,18.635011684312
20,33,537.374232327084,53.737423232708
20,34,1201.781336258263,120.178133625826
20,35,732.135423267351,73.213542326735
20,36,844.601857418371,84.460185741837
20,37,1035.465336070729,103.546533607073
20,38,419.375279719973,41.937527971997
20,39,809.092987830781,80.909298783078
20,40,1226.447174657311,122.644717465731
20,41,221.604156845517,22.160415684552
20,42,1352.452724072648,135.245272407265
20,43,704.911991617213,70.491199161721
20,44,217.485247303455,21.748524730346
20,45,398.204778340600,39.820477834060
20,46,1252.695268707295,125.269526870730
20,47,3172.884377882086,317.288437788209
20,48,221.322809460857,22.132280946086
20,49,452.810910131620,45.281091013162
20,50,538.471567974216,53.847156797422
20,51,2157.252577184949,215.725257718495
20,52,496.447161870161,49.644716187016
20,53,1030.324925320269,103.032492532027
20,54,442.687982723310,44.268798272331
20,55,1288.587676223859,128.858767622386
20,56,179.030638259675,17.903063825968
20,57,2028.955016748015,202.895501674802
20,58,1518.819738685404,151.881973868540
20,59,137.913496624207,13.791349662421
20,60,200.844357970190,20.084435797019
20,61,961.531528269863,96.153152826986
20,62,1131.724867314019,113.172486731402
20,63,156.794169849620,15.679416984962
20,64,571.309496887355,57.130949688735
20,65,135.866694400790,13.586669440079
20,66,39.248283548157,3.924828354816
20,67,31.096323924523,3.109632392452
20,68,49.096007939975,4.909600793998
20,69,51.086783227308,5.108678322731
20,70,281.767869647012,28.176786964701
20,71,317.770471555903,31.777047155590
20,72,110.943277620262,11.094327762026
20,73,360.285052715476,36.028505271548
20,74,102.459764656256,10.245976465626
20,75,212.635885571616,21.263588557162
20,76,94.658034018357,9.465803401836
20,77,390.363513544339,39.036351354434
20,78,94.478230402412,9.447823040241
20,79,172.218231744221,17.221823174422
20,80,45.697606412887,4.569760641289
20,81,249.431919444034,24.943191944403
20,82,108.454565970247,10.845456597025
20,83,285.210575302489,28.521057530249
20,84,416.038321874592,41.603832187459
20,85,268.618921761540,26.861892176154
20,86,263.050345565922,26.305034556592
20,87,60.178265252423,6.017826525242
20,88,16.921185707581,1.692118570758
20,89,91.277580514082,9.127758051408
20,90,182.802391000088,18.280239100009
20,91,61.193541245696,6.119354124570
20,92,31.057436541757,3.105743654176
20,93,121.086578459876,12.108657845988
20,94,44.758649940052,4.475864994005
20,95,68.779329681172,6.877932968117
20,96,177.943651022094,17.794365102209
20,97,55.368195138098,5.536819513810
20,98,285.456511723221,28.545651172322
20,99,915.869009433109,91.586900943311
20,100,214.631835063725,21.463183506372
20,101,334.733455136437,33.473345513644
20,102,98.544346886375,9.854434688638
20,103,103.307687463823,10.330768746382
20,104,218.240196118966,21.824019611897
20,105,146.301367646818,14.630136764682
20,106,173.144980327664,17.314498032766
20,107,32.875846132510,3.287584613251
20,108,898.672701555989,89.867270155599
20,109,470.606132211496,47.060613221150
20,110,275.403516926326,27.540351692633
20,111,174.402554628932,17.440255462893
20,112,32.242571976171,3.224257197617
20,113,685.364088516621,68.536408851662
20,114,75.811235664832,7.581123566483
20,115,33.058317697792,3.305831769779
20,116,46.667446420474,4.666744642047
20,117,281.784604965582,28.178460496558
20,118,102.339302701328,10.233930270133
20,119,103.098940639916,10.309894063992
20,120,42.273010474122,4.227301047412
20,121,98.376912853721,9.837691285372
20,122,81.465833014842,8.146583301484
20,123,66.258602639109,6.625860263911
20,124,128.765421734360,12.876542173436
20,125,27.424012932136,2.742401293214
20,126,456.868214298076,45.686821429808
20,127,360.009526311184,36.000952631118
20,128,543.938923788914,54.393892378891
20,129,64.381255622086,6.438125562209
20,130,81.444166032344,8.144416603234
20,131,208.713757504918,20.871375750492
20,132,112.038430399755,11.203843039975
20,133,335.336977615315,33.533697761531
20,134,764.000925070513,76.400092507051
20,135,162.140255239896,16.214025523990
20,136,186.453520091676,18.645352009168
20,137,2218.956343529667,221.895634352967
20,138,47.950164123075,4.795016412307
20,139,50.872296269978,5.087229626998
20,140,58.828525428592,5.882852542859
20,141,61.148832882558,6.114883288256
20,142,83.088269599726,8.308826959973
20,143,119.464141874993,11.946414187499
20,144,54.954662990814,5.495466299081
20,145,170.705666163864,17.070566616386
20,146,49.927437969821,4.992743796982
20,147,67.679164390804,6.767916439080
20,148,366.422791436388,36.642279143639
20,149,1449.606826813435,144.960682681343
20,150,806.123883606149,80.612388360615
20,151,681.301771839289,68.130177183929
20,152,305.339202042170,30.533920204217
20,153,239.266547387174,23.926654738717
20,154,163.770129744147,16.377012974415
20,155,458.904183030244,45.890418303024
20,156,494.389364461596,49.438936446160
20,157,232.741309236755,23.274130923675
20,158,608.882874180320,60.888287418032
20,159,423.483274923839,42.348327492384
20,160,1208.609265388042,120.860926538804
20,161,199.292015690623,19.929201569062
20,162,71.910774580630,7.191077458063
20,163,75.635959478066,7.563595947807
20,164,63.608843865461,6.360884386546
20,165,1854.713994324413,185.471399432441
20,166,595.736351703343,59.573635170334
20,167,2475.357755112265,247.535775511227
20,168,157.637646074959,15.763764607496
20,169,44.424994578989,4.442499457899
20,170,195.211912684377,19.521191268438
20,171,54.647040347528,5.464704034753
20,172,576.328798907286,57.632879890729
20,173,59.805237426898,5.980523742690
20,174,433.670394810142,43.367039481014
20,175,196.625844986202,19.662584498620
20,176,569.779791753679,56.977979175368
20,177,728.522292242087,72.852229224209
20,178,823.490616853068,82.349061685307
20,179,439.541904525973,43.954190452597
20,180,411.101645437171,41.110164543717
20,181,372.690127817533,37.269012781753
20,182,672.829739142130,67.282973914213
20,183,304.368472718135,30.436847271814
20,184,601.376558296319,60.137655829632
20,185,343.677472325451,34.367747232545
20,186,514.642738044532,51.464273804453
20,187,71.127367638856,7.112736763886
20,188,64.960685709982,6.496068570998
20,189,118.579352858399,11.857935285840
20,190,212.776640110898,21.277664011090
20,191,296.140355267965,29.614035526796
20,192,147.923965925602,14.792396592560
20,193,42.193861310448,4.219386131045
21,1,73.200632011444,7.320063201144
21,2,88.472395119499,8.847239511950
21,3,405.768790186028,40.576879018603
21,4,94.112655776430,9.411265577643
21,5,106.273667595861,10.627366759586
21,6,90.422002016127,9.042200201613
21,7,610.123033187893,61.012303318789
21,8,1392.707643212823,139.270764321282
21,9,352.590788040077,35.259078804008
21,10,774.628048707355,77.462804870735
21,11,641.610003995836,64.161000399584
21,12,352.059105719576,35.205910571958
21,13,379.458000475483,37.945800047548
21,14,406.940650167178,40.694065016718
21,15,120.380977085858,12.038097708586
21,16,518.605992509895,51.860599250989
21,17,559.217051106244,55.921705110624
21,18,583.845808484542,58.384580848454
21,19,549.652205922923,54.965220592292
21,20,283.850835176937,28.385083517694
21,21,856.787543577433,85.678754357743
21,22,691.876359954513,69.187635995451
21,23,404.880105406402,40.488010540640
21,24,662.392022451274,66.239202245127
21,25,535.658434403262,53.565843440326
21,26,632.231184591810,63.223118459181
21,27,36.012967775407,3.601296777541
21,28,143.334005419638,14.333400541964
21,29,697.063020267767,69.706302026777
21,30,541.604798470856,54.160479847086
21,31,440.480601790612,44.048060179061
21,32,181.611429314067,18.161142931407
21,33,523.709370633945,52.370937063394
21,34,1171.221300518832,117.122130051883
21,35,713.517989274895,71.351798927490
21,36,823.124520260966,82.312452026097
21,37,1009.134541339146,100.913454133915
21,38,408.711007318823,40.871100731882
21,39,788.518603890341,78.851860389034
21,40,1195.259912582875,119.525991258287
21,41,215.968996147906,21.596899614791
21,42,1318.061273368117,131.806127336812
21,43,686.986820866895,68.698682086689
21,44,211.954826144573,21.195482614457
21,45,388.078849529300,38.807884952930
21,46,1220.840545200352,122.084054520035
21,47,3092.201264357412,309.220126435741
21,48,215.694803131408,21.569480313141
21,49,441.296404805792,44.129640480579
21,50,524.778802189390,52.477880218939
21,51,2102.395912441750,210.239591244175
21,52,483.823032544998,48.382303254500
21,53,1004.124845829063,100.412484582906
21,54,431.430892797481,43.143089279748
21,55,1255.820246533696,125.582024653370
21,56,174.478077374762,17.447807737476
21,57,1977.360824065202,197.736082406520
21,58,1480.197749729831,148.019774972983
21,59,134.406501417485,13.440650141749
21,60,195.737097129593,19.573709712959
21,61,937.080792531193,93.708079253119
21,62,1102.946293917296,110.294629391730
21,63,152.807058975310,15.280705897531
21,64,556.781697098490,55.678169709849
21,65,132.411747222450,13.241174722245
21,66,38.250240966069,3.825024096607
21,67,30.305577104092,3.030557710409
21,68,47.847548081228,4.784754808123
21,69,49.787700046253,4.978770004625
21,70,274.602808993427,27.460280899343
21,71,309.689902591569,30.968990259157
21,72,108.122106724331,10.812210672433
21,73,351.123382655222,35.112338265522
21,74,99.854320574808,9.985432057481
21,75,207.228778582599,20.722877858260
21,76,92.250979743715,9.225097974371
21,77,380.436979851922,38.043697985192
21,78,92.075748344664,9.207574834466
21,79,167.838903193928,16.783890319393
21,80,44.535564331643,4.453556433164
21,81,243.089128003706,24.308912800371
21,82,105.696680394761,10.569668039476
21,83,277.957970264001,27.795797026400
21,84,405.458904802726,40.545890480273
21,85,261.788225026909,26.178822502691
21,86,256.361251868734,25.636125186873
21,87,58.647995242926,5.864799524293
21,88,16.490897747222,1.649089774722
21,89,88.956487617596,8.895648761760
21,90,178.153918408885,17.815391840889
21,91,59.637453835224,5.963745383522
21,92,30.267678586582,3.026767858658
21,93,118.007474089009,11.800747408901
21,94,43.620484534625,4.362048453462
21,95,67.030343647045,6.703034364705
21,96,173.418731079693,17.341873107969
21,97,53.960240153944,5.396024015394
21,98,278.197652780149,27.819765278015
21,99,892.579423535514,89.257942353551
21,100,209.173973177810,20.917397317781
21,101,326.221535335783,32.622153533578
21,102,96.038467761856,9.603846776186
21,103,100.680681596947,10.068068159695
21,104,212.690577405515,21.269057740551
21,105,142.581077699618,14.258107769962
21,106,168.742085535347,16.874208553535
21,107,32.039847933452,3.203984793345
21,108,875.820399686241,87.582039968624
21,109,458.639113099386,45.863911309939
21,110,268.400295070479,26.840029507048
21,111,169.967681044440,16.996768104444
21,112,31.422677273038,3.142267727304
21,113,667.936000388042,66.793600038804
21,114,73.883435655405,7.388343565540
21,115,32.217679438693,3.221767943869
21,116,45.480742327601,4.548074232760
21,117,274.619118750443,27.461911875044
21,118,99.736921840731,9.973692184073
21,119,100.477242985280,10.047724298528
21,120,41.198052266729,4.119805226673
21,121,95.875291400601,9.587529140060
21,122,79.394242540465,7.939424254046
21,123,64.573716043183,6.457371604318
21,124,125.491052453126,12.549105245313
21,125,26.726649118904,2.672664911890
21,126,445.250535993445,44.525053599344
21,127,350.854862597683,35.085486259768
21,128,530.107128894502,53.010712889450
21,129,62.744107986822,6.274410798682
21,130,79.373126526550,7.937312652655
21,131,203.406386108620,20.340638610862
21,132,109.189410920165,10.918941092017
21,133,326.809710872611,32.680971087261
21,134,744.573184872943,74.457318487294
21,135,158.017199035380,15.801719903538
21,136,181.712203126740,18.171220312674
21,137,2162.530616888218,216.253061688822
21,138,46.730841867767,4.673084186777
21,139,49.578667266721,4.957866726672
21,140,57.332577883598,5.733257788360
21,141,59.593882358752,5.959388235875
21,142,80.975422268946,8.097542226895
21,143,116.426294360529,11.642629436053
21,144,53.557223694348,5.355722369435
21,145,166.364800565856,16.636480056586
21,146,48.657835719643,4.865783571964
21,147,65.958154403215,6.595815440322
21,148,357.105045134134,35.710504513413
21,149,1412.744849431201,141.274484943120
21,150,785.625000864207,78.562500086421
21,151,663.976984152395,66.397698415239
21,152,297.574747190416,29.757474719042
21,153,233.182250669630,23.318225066963
21,154,159.605627544757,15.960562754476
21,155,447.234732181521,44.723473218152
21,156,481.817562760813,48.181756276081
21,157,226.822942464258,22.682294246426
21,158,593.399622914319,59.339962291432
21,159,412.714540524104,41.271454052410
21,160,1177.875602590229,117.787560259023
21,161,194.224229281948,19.422422928195
21,162,70.082159195343,7.008215919534
21,163,73.712616557770,7.371261655777
21,164,61.991337848996,6.199133784900
21,165,1807.550567631957,180.755056763196
21,166,580.587402680707,58.058740268071
21,167,2412.412010173643,241.241201017364
21,168,153.629086487131,15.362908648713
21,169,43.295313678564,4.329531367856
21,170,190.247879005029,19.024787900503
21,171,53.257423571422,5.325742357142
21,172,561.673363545719,56.167336354572
21,173,58.284453122774,5.828445312277
21,174,422.642612663188,42.264261266319
21,175,191.625856495132,19.162585649513
21,176,555.290890757918,55.529089075792
21,177,709.996736372490,70.999673637249
21,178,802.550116345322,80.255011634532
21,179,428.364816060684,42.836481606068
21,180,400.647762856322,40.064776285632
21,181,363.213009741047,36.321300974105
21,182,655.720386338604,65.572038633860
21,183,296.628702492395,29.662870249239
21,184,586.084184750553,58.608418475055
21,185,334.938115572081,33.493811557208
21,186,501.555914349427,50.155591434943
21,187,69.318673468366,6.931867346837
21,188,63.308803776837,6.330880377684
21,189,115.564004598296,11.556400459830
21,190,207.365953881944,20.736595388194
21,191,288.609817417331,28.860981741733
21,192,144.162415010291,14.416241501029
21,193,41.120915783064,4.112091578306
22,1,71.043284798086,7.104328479809
22,2,85.864963054699,8.586496305470
22,3,393.810093317959,39.381009331796
22,4,91.338995630309,9.133899563031
22,5,103.141601733294,10.314160173329
22,6,87.757111717839,8.775711171784
22,7,592.141668966225,59.214166896622
22,8,1351.662178569304,135.166217856930
22,9,342.199337404577,34.219933740458
22,10,751.798441689654,75.179844168965
22,11,622.700665153416,62.270066515342
22,12,341.683324666988,34.168332466699
22,13,368.274727361330,36.827472736133
22,14,394.947416590951,39.494741659095
22,15,116.833144801882,11.683314480188
22,16,503.321791239643,50.332179123964
22,17,542.735972818856,54.273597281886
22,18,566.638878798900,56.663887879890
22,19,533.453019902520,53.345301990252
22,20,275.485267948188,27.548526794819
22,21,831.536556409883,83.153655640988
22,22,671.485586048305,67.148558604831
22,23,392.947599591337,39.294759959134
22,24,642.870202153833,64.287020215383
22,25,519.871668647040,51.987166864704
22,26,613.598255520042,61.359825552004
22,27,34.951604320746,3.495160432075
22,28,139.109708324454,13.910970832445
22,29,676.519386654396,67.651938665440
22,30,525.642783244808,52.564278324481
22,31,427.498888754814,42.749888875481
22,32,176.259031388273,17.625903138827
22,33,508.274764124393,50.827476412439
22,34,1136.703415365791,113.670341536579
22,35,692.489399718414,69.248939971841
22,36,798.865639685251,79.886563968525
22,37,979.393628851916,97.939362885192
22,38,396.665598304177,39.666559830418
22,39,765.279618569577,76.527961856958
22,40,1160.033568618423,116.003356861842
22,41,209.604022250703,20.960402225070
22,42,1279.215764292560,127.921576429256
22,43,666.740149999629,66.674014999963
22,44,205.708156669513,20.570815666951
22,45,376.641505320787,37.664150532079
22,46,1184.860296454249,118.486029645425
22,47,3001.068830148870,300.106883014887
22,48,209.337910169079,20.933791016908
22,49,428.290648666634,42.829064866663
22,50,509.312677711719,50.931267771172
22,51,2040.434726609714,204.043472660971
22,52,469.563944305750,46.956394430575
22,53,974.531577595051,97.453157759505
22,54,418.715890088378,41.871589008838
22,55,1218.809086453607,121.880908645361
22,56,169.335911471633,16.933591147163
22,57,1919.084635098208,191.908463509821
22,58,1436.573802738491,143.657380273849
22,59,130.445313059918,13.044531305992
22,60,189.968391731291,18.996839173129
22,61,909.463426657311,90.946342665731
22,62,1070.440589413337,107.044058941334
22,63,148.303574868637,14.830357486864
22,64,540.372392838700,54.037239283870
22,65,128.509347666096,12.850934766610
22,66,37.122941262625,3.712294126262
22,67,29.412420166533,2.941242016653
22,68,46.437399402418,4.643739940242
22,69,48.320371786881,4.832037178688
22,70,266.509796836512,26.650979683651
22,71,300.562814067840,30.056281406784
22,72,104.935564214592,10.493556421459
22,73,340.775178953948,34.077517895395
22,74,96.911443794724,9.691144379472
22,75,201.121393772956,20.112139377296
22,76,89.532186358862,8.953218635886
22,77,369.224854549317,36.922485454932
22,78,89.362119327387,8.936211932739
22,79,162.892405053829,16.289240505383
22,80,43.223025450952,4.322302545095
22,81,235.924877662061,23.592487766206
22,82,102.581619327047,10.258161932705
22,83,269.766075793934,26.976607579393
22,84,393.509340784331,39.350934078433
22,85,254.072880469997,25.407288047000
22,86,248.805849447539,24.880584944754
22,87,56.919539003823,5.691953900382
22,88,16.004882922990,1.600488292299
22,89,86.334788522948,8.633478852295
22,90,172.903419214175,17.290341921417
22,91,57.879836567342,5.787983656734
22,92,29.375638582837,2.937563858284
22,93,114.529592978069,11.452959297807
22,94,42.334914613023,4.233491461302
22,95,65.054845333658,6.505484533366
22,96,168.307785914896,16.830778591490
22,97,52.369940035906,5.236994003591
22,98,269.998694458390,26.999869445839
22,99,866.273588747574,86.627358874757
22,100,203.009260172712,20.300926017271
22,101,316.607231458128,31.660723145813
22,102,93.208050658778,9.320805065878
22,103,97.713450551069,9.771345055107
22,104,206.422224088540,20.642222408854
22,105,138.378970665830,13.837897066583
22,106,163.768969074424,16.376896907442
22,107,31.095579082811,3.109557908281
22,108,850.008481855113,85.000848185511
22,109,445.122237829406,44.512223782941
22,110,260.490081555594,26.049008155559
22,111,164.958444197892,16.495844419789
22,112,30.496597492187,3.049659749219
22,113,648.250789624916,64.825078962492
22,114,71.705965056522,7.170596505652
22,115,31.268169590922,3.126816959092
22,116,44.140347442668,4.414034744267
22,117,266.525625917228,26.652562591723
22,118,96.797505001155,9.679750500115
22,119,97.516007621542,9.751600762154
22,120,39.983875547058,3.998387554706
22,121,93.049683382616,9.304968338262
22,122,77.054359083248,7.705435908325
22,123,62.670618726479,6.267061872648
22,124,121.792617550693,12.179261755069
22,125,25.938969280427,2.593896928043
22,126,432.128244878227,43.212824487823
22,127,340.514572639528,34.051457263953
22,128,514.483969559983,51.448396955998
22,129,60.894932333545,6.089493233355
22,130,77.033865394203,7.703386539420
22,131,197.411653710923,19.741165371092
22,132,105.971413139216,10.597141313922
22,133,317.178072460808,31.717807246081
22,134,722.629345846029,72.262934584603
22,135,153.360163233442,15.336016323344
22,136,176.356835225169,17.635683522517
22,137,2098.797158966462,209.879715896646
22,138,45.353604421708,4.535360442171
22,139,48.117499559136,4.811749955914
22,140,55.642889232924,5.564288923292
22,141,57.837549216440,5.783754921644
22,142,78.588938753952,7.858893875395
22,143,112.995013307367,11.299501330737
22,144,51.978801157311,5.197880115731
22,145,161.461746739139,16.146174673914
22,146,47.223806485013,4.722380648501
22,147,64.014255331718,6.401425533172
22,148,346.580551658775,34.658055165878
22,149,1371.108854216965,137.110885421696
22,150,762.471294949556,76.247129494956
22,151,644.408452336006,64.440845233601
22,152,288.804712916438,28.880471291644
22,153,226.309972864593,22.630997286459
22,154,154.901778051132,15.490177805113
22,155,434.053963427525,43.405396342752
22,156,467.617579129429,46.761757912943
22,157,220.138084295621,22.013808429562
22,158,575.911126056774,57.591112605677
22,159,400.551140571858,40.055114057186
22,160,1143.161603829477,114.316160382948
22,161,188.500110674028,18.850011067403
22,162,68.016718683536,6.801671868354
22,163,71.540180288429,7.154018028843
22,164,60.164347612900,6.016434761290
22,165,1754.278975940281,175.427897594028
22,166,563.476503759932,56.347650375993
22,167,2341.314122291907,234.131412229191
22,168,149.101375830587,14.910137583059
22,169,42.019327095533,4.201932709553
22,170,184.640950207545,18.464095020755
22,171,51.687836654270,5.168783665427
22,172,545.119893550080,54.511989355008
22,173,56.566711088704,5.656671108870
22,174,410.186615527355,41.018661552736
22,175,185.978316355688,18.597831635569
22,176,538.925523098348,53.892552309835
22,177,689.071924132239,68.907192413224
22,178,778.897598470778,77.889759847078
22,179,415.740175851498,41.574017585150
22,180,388.839991379684,38.883999137968
22,181,352.508504152925,35.250850415292
22,182,636.395190512575,63.639519051258
22,183,287.886549765841,28.788654976584
22,184,568.811286306621,56.881128630662
22,185,325.066919239184,32.506691923918
22,186,486.774207901916,48.677420790192
22,187,67.275734180391,6.727573418039
22,188,61.442985577512,6.144298557751
22,189,112.158136692049,11.215813669205
22,190,201.254526282756,20.125452628276
22,191,280.103994882138,28.010399488214
22,192,139.913703274511,13.991370327451
22,193,39.909012406855,3.990901240685
23,1,69.349507598625,6.934950759863
23,2,83.817815079097,8.381781507910
23,3,384.421077046049,38.442107704605
23,4,89.161338605301,8.916133860530
23,5,100.682553086709,10.068255308671
23,6,85.664852113845,8.566485211385
23,7,578.024133993064,57.802413399306
23,8,1319.436548997981,131.943654899798
23,9,334.040798043488,33.404079804349
23,10,733.874452635058,73.387445263506
23,11,607.854558421118,60.785455842112
23,12,333.537087814321,33.353708781432
23,13,359.494512058577,35.949451205858
23,14,385.531284846640,38.553128484664
23,15,114.047669476958,11.404766947696
23,16,491.321853787202,49.132185378720
23,17,529.796342863682,52.979634286368
23,18,553.129368139801,55.312936813980
23,19,520.734709302694,52.073470930269
23,20,268.917290876690,26.891729087669
23,21,811.711492524289,81.171149252429
23,22,655.476374500062,65.547637450006
23,23,383.579146448131,38.357914644813
23,24,627.543223767134,62.754322376713
23,25,507.477157589420,50.747715758942
23,26,598.969163723652,59.896916372365
23,27,34.118306273628,3.411830627363
23,28,135.793126710116,13.579312671012
23,29,660.390161839347,66.039016183935
23,30,513.110680262083,51.311068026208
23,31,417.306681671127,41.730668167113
23,32,172.056754854849,17.205675485485
23,33,496.156740457813,49.615674045781
23,34,1109.602721289400,110.960272128940
23,35,675.979426123521,67.597942612352
23,36,779.819498874384,77.981949887438
23,37,956.043433227368,95.604343322737
23,38,387.208502561388,38.720850256139
23,39,747.034218278353,74.703421827835
23,40,1132.376649111978,113.237664911198
23,41,204.606751716093,20.460675171609
23,42,1248.717364606979,124.871736460698
23,43,650.844076679771,65.084407667977
23,44,200.803769344236,20.080376934424
23,45,367.661813631477,36.766181363148
23,46,1156.611470961686,115.661147096169
23,47,2929.518901496736,292.951890149674
23,48,204.346984140888,20.434698414089
23,49,418.079564853220,41.807956485322
23,50,497.169908646975,49.716990864697
23,51,1991.787738696072,199.178773869607
23,52,458.368843955112,45.836884395511
23,53,951.297300478282,95.129730047828
23,54,408.733082709765,40.873308270976
23,55,1189.750871493571,118.975087149357
23,56,165.298692377449,16.529869237745
23,57,1873.330813213400,187.333081321340
23,58,1402.323754203495,140.232375420349
23,59,127.335303469774,12.733530346977
23,60,185.439263729299,18.543926372930
23,61,887.780470693310,88.778047069331
23,62,1044.919699312635,104.491969931263
23,63,144.767797850094,14.476779785009
23,64,527.489114133201,52.748911413320
23,65,125.445494360144,12.544549436014
23,66,36.237875324778,3.623787532478
23,67,28.711184479013,2.871118447901
23,68,45.330262978002,4.533026297800
23,69,47.168342510156,4.716834251016
23,70,260.155808298434,26.015580829843
23,71,293.396951130611,29.339695113061
23,72,102.433744843707,10.243374484371
23,73,332.650593641001,33.265059364100
23,74,94.600931346817,9.460093134682
23,75,196.326361672955,19.632636167296
23,76,87.397606344672,8.739760634467
23,77,360.421986806264,36.042198680626
23,78,87.231593963275,8.723159396328
23,79,159.008808702260,15.900880870226
23,80,42.192524465411,4.219252446541
23,81,230.300078925557,23.030007892556
23,82,100.135921490951,10.013592149095
23,83,263.334452739536,26.333445273954
23,84,384.127494898554,38.412749489855
23,85,248.015406450260,24.801540645026
23,86,242.873949253394,24.287394925339
23,87,55.562492836230,5.556249283623
23,88,15.623302794029,1.562330279403
23,89,84.276439211878,8.427643921188
23,90,168.781145448175,16.878114544817
23,91,56.499895482623,5.649989548262
23,92,28.675279822785,2.867527982279
23,93,111.799037742609,11.179903774261
23,94,41.325587506085,4.132558750608
23,95,63.503841406211,6.350384140621
23,96,164.295078857720,16.429507885772
23,97,51.121363050452,5.112136305045
23,98,263.561525430277,26.356152543028
23,99,845.620342528945,84.562034252894
23,100,198.169218539825,19.816921853982
23,101,309.058845831646,30.905884583165
23,102,90.985832591854,9.098583259185
23,103,95.383817073473,9.538381707347
23,104,201.500812337708,20.150081233771
23,105,135.079810920266,13.507981092027
23,106,159.864474137490,15.986447413749
23,107,30.354214392197,3.035421439220
23,108,829.743019890542,82.974301989054
23,109,434.509863985054,43.450986398505
23,110,254.279611951347,25.427961195135
23,111,161.025590411150,16.102559041115
23,112,29.769513410417,2.976951341042
23,113,632.795530058593,63.279553005859
23,114,69.996388577574,6.999638857757
23,115,30.522690086807,3.052269008681
23,116,43.087976141325,4.308797614133
23,117,260.171259990407,26.017125999041
23,118,94.489709022949,9.448970902295
23,119,95.191081476007,9.519108147601
23,120,39.030600695816,3.903060069582
23,121,90.831241026264,9.083124102626
23,122,75.217268964103,7.521726896410
23,123,61.176458294897,6.117645829490
23,124,118.888901045238,11.888890104524
23,125,25.320545809870,2.532054580987
23,126,421.825667083610,42.182566708361
23,127,332.396200567348,33.239620056735
23,128,502.217909233449,50.221790923345
23,129,59.443106897230,5.944310689723
23,130,75.197263874977,7.519726387498
23,131,192.705067312031,19.270506731203
23,132,103.444897594785,10.344489759479
23,133,309.616077138807,30.961607713881
23,134,705.400791266475,70.540079126647
23,135,149.703829654152,14.970382965415
23,136,172.152226903323,17.215222690332
23,137,2048.758724169250,204.875872416925
23,138,44.272307275874,4.427230727587
23,139,46.970307056988,4.697030705699
23,140,54.316280287932,5.431628028793
23,141,56.458616324839,5.645861632484
23,142,76.715261981129,7.671526198113
23,143,110.301044725584,11.030104472558
23,144,50.739549502411,5.073954950241
23,145,157.612259402102,15.761225940210
23,146,46.097920950252,4.609792095025
23,147,62.488060612127,6.248806061213
23,148,338.317557656678,33.831755765668
23,149,1338.419587077208,133.841958707721
23,150,744.292849255515,74.429284925551
23,151,629.044799785197,62.904479978520
23,152,281.919180536780,28.191918053678
23,153,220.914407708254,22.091440770825
23,154,151.208690089835,15.120869008983
23,155,423.705473648677,42.370547364868
23,156,456.468883009209,45.646888300921
23,157,214.889666109829,21.488966610983
23,158,562.180551281090,56.218055128109
23,159,391.001407742829,39.100140774283
23,160,1115.906936968737,111.590693696874
23,161,184.005988668510,18.400598866851
23,162,66.395099305776,6.639509930578
23,163,69.834556364054,6.983455636405
23,164,58.729940399090,5.872994039909
23,165,1712.454365220427,171.245436522043
23,166,550.042388808569,55.004238880857
23,167,2285.493723666159,228.549372366616
23,168,145.546578054728,14.554657805473
23,169,41.017524062730,4.101752406273
23,170,180.238836307026,18.023883630703
23,171,50.455522024347,5.045552202435
23,172,532.123427391577,53.212342739158
23,173,55.218076861517,5.521807686152
23,174,400.407158695108,40.040715869511
23,175,181.544317664151,18.154431766415
23,176,526.076739911796,52.607673991180
23,177,672.643428220199,67.264342822020
23,178,760.327525356148,76.032752535615
23,179,405.828313910456,40.582831391046
23,180,379.569469703934,37.956946970393
23,181,344.104178977830,34.410417897783
23,182,621.222585999710,62.122258599971
23,183,281.022907756460,28.102290775646
23,184,555.249982232915,55.524998223292
23,185,317.316842118300,31.731684211830
23,186,475.168789360631,47.516878936063
23,187,65.671780971365,6.567178097136
23,188,59.978093739617,5.997809373962
23,189,109.484120489070,10.948412048907
23,190,196.456320106414,19.645632010641
23,191,273.425900515338,27.342590051534
23,192,136.577953229002,13.657795322900
23,193,38.957522403826,3.895752240383
24,1,70.063273241207,7.006327324121
24,2,84.680492821324,8.468049282132
24,3,388.377652464981,38.837765246498
24,4,90.079013472026,9.007901347203
24,5,101.718807700320,10.171880770032
24,6,86.546540107501,8.654654010750
24,7,583.973329332924,58.397332933292
24,8,1333.016580188573,133.301658018857
24,9,337.478844730770,33.747884473077
24,10,741.427705547697,74.142770554770
24,11,614.110777311652,61.411077731165
24,12,336.969950166950,33.696995016695
24,13,363.194535898533,36.319453589853
24,14,389.499286852604,38.949928685260
24,15,115.221481821240,11.522148182124
24,16,496.378683616659,49.637868361666
24,17,535.249163513688,53.524916351369
24,18,558.822339186779,55.882233918678
24,19,526.094264940079,52.609426494008
24,20,271.685067167690,27.168506716769
24,21,820.065867272065,82.006586727206
24,22,662.222731206011,66.222273120601
24,23,387.527056468345,38.752705646834
24,24,634.002084224405,63.400208422440
24,25,512.700262583600,51.270026258360
24,26,605.133931504071,60.513393150407
24,27,34.469461972414,3.446946197241
24,28,137.190749731542,13.719074973154
24,29,667.187092697862,66.718709269786
24,30,518.391767137747,51.839176713775
24,31,421.601725458902,42.160172545890
24,32,173.827613862246,17.382761386225
24,33,501.263332370820,50.126333237082
24,34,1121.023080666073,112.102308066607
24,35,682.936806300632,68.293680630063
24,36,787.845631791338,78.784563179134
24,37,965.883314995572,96.588331499557
24,38,391.193766988115,39.119376698811
24,39,754.722915391043,75.472291539104
24,40,1144.031404489276,114.403140448928
24,41,206.712624917968,20.671262491797
24,42,1261.569533036355,126.156953303635
24,43,657.542756406533,65.754275640653
24,44,202.870501126794,20.287050112679
24,45,371.445897754731,37.144589775473
24,46,1168.515658293000,116.851565829300
24,47,2959.670376447134,295.967037644713
24,48,206.450183738052,20.645018373805
24,49,422.382563383287,42.238256338329
24,50,502.286928386634,50.228692838663
24,51,2012.287807181420,201.228780718142
24,52,463.086511661401,46.308651166140
24,53,961.088333644546,96.108833364455
24,54,412.939884481354,41.293988448135
24,55,1201.996139336262,120.199613933626
24,56,166.999995407105,16.699999540711
24,57,1892.611687987599,189.261168798760
24,58,1416.756885024262,141.675688502426
24,59,128.645876072978,12.864587607298
24,60,187.347859475958,18.734785947596
24,61,896.917769862087,89.691776986209
24,62,1055.674321896877,105.567432189688
24,63,146.257790841185,14.625779084119
24,64,532.918188102743,53.291818810274
24,65,126.736616489074,12.673661648907
24,66,36.610846255108,3.661084625511
24,67,29.006688481112,2.900668848111
24,68,45.796815451167,4.579681545117
24,69,47.653813041485,4.765381304148
24,70,262.833408819497,26.283340881950
24,71,296.416679324894,29.641667932489
24,72,103.488023240802,10.348802324080
24,73,336.074331933413,33.607433193341
24,74,95.574592110818,9.557459211082
24,75,198.347010651550,19.834701065155
24,76,88.297128357340,8.829712835734
24,77,364.131556490627,36.413155649063
24,78,88.129407327416,8.812940732742
24,79,160.645374388874,16.064537438887
24,80,42.626782405806,4.262678240581
24,81,232.670395449969,23.267039544997
24,82,101.166550010509,10.116655001051
24,83,266.044768809282,26.604476880928
24,84,388.081048683195,38.808104868320
24,85,250.568054364932,25.056805436493
24,86,245.373679769990,24.537367976999
24,87,56.134358445316,5.613435844532
24,88,15.784102447035,1.578410244704
24,89,85.143837249318,8.514383724932
24,90,170.518290914783,17.051829091478
24,91,57.081409116986,5.708140911699
24,92,28.970414283543,2.897041428354
24,93,112.949706504040,11.294970650404
24,94,41.750922674895,4.175092267490
24,95,64.157441723464,6.415744172346
24,96,165.986052400209,16.598605240021
24,97,51.647519238302,5.164751923830
24,98,266.274178599314,26.627417859931
24,99,854.323717189637,85.432371718964
24,100,200.208834746326,20.020883474633
24,101,312.239770878258,31.223977087826
24,102,91.922285690291,9.192228569029
24,103,96.365535528916,9.636553552892
24,104,203.574718292909,20.357471829291
24,105,136.470092284618,13.647009228462
24,106,161.509846585830,16.150984658583
24,107,30.666628944095,3.066662894409
24,108,838.282980450863,83.828298045086
24,109,438.981968013109,43.898196801311
24,110,256.896732921699,25.689673292170
24,111,162.682913411583,16.268291341158
24,112,30.075910046882,3.007591004688
24,113,639.308448805605,63.930844880561
24,114,70.716812110508,7.071681211051
24,115,30.836838640380,3.083683864038
24,116,43.531450335202,4.353145033520
24,117,262.849019544854,26.284901954485
24,118,95.462225053898,9.546222505390
24,119,96.170816239677,9.617081623968
24,120,39.432315181625,3.943231518162
24,121,91.766103022586,9.176610302259
24,122,75.991427342070,7.599142734207
24,123,61.806104496834,6.180610449683
24,124,120.112540776634,12.011254077663
24,125,25.581152355991,2.558115235599
24,126,426.167221605757,42.616722160576
24,127,335.817320571010,33.581732057101
24,128,507.386884488109,50.738688448811
24,129,60.054912933938,6.005491293394
24,130,75.971216354651,7.597121635465
24,131,194.688444858053,19.468844485805
24,132,104.509583075047,10.450958307505
24,133,312.802737374833,31.280273737483
24,134,712.660984835116,71.266098483512
24,135,151.244625744421,15.124462574442
24,136,173.924068537278,17.392406853728
24,137,2069.845154886470,206.984515488647
24,138,44.727970956059,4.472797095606
24,139,47.453739348863,4.745373934886
24,140,54.875319508898,5.487531950890
24,141,57.039705101902,5.703970510190
24,142,77.504838146265,7.750483814626
24,143,111.436295699847,11.143629569985
24,144,51.261775952301,5.126177595230
24,145,159.234451390286,15.923445139029
24,146,46.572374386305,4.657237438631
24,147,63.131206213025,6.313120621302
24,148,341.799622018765,34.179962201877
24,149,1352.194997310014,135.219499731001
24,150,751.953331387452,75.195333138745
24,151,635.519114906942,63.551911490694
24,152,284.820776121518,28.482077612152
24,153,223.188124128651,22.318812412865
24,154,152.764974648776,15.276497464878
24,155,428.066375695951,42.806637569595
24,156,461.166995755523,46.116699575552
24,157,217.101374107855,21.710137410785
24,158,567.966679781880,56.796667978188
24,159,395.025709871450,39.502570987145
24,160,1127.392181197678,112.739218119768
24,161,185.899832724347,18.589983272435
24,162,67.078457304431,6.707845730443
24,163,70.553314271985,7.055331427198
24,164,59.334406315278,5.933440631528
24,165,1730.079452012071,173.007945201207
24,166,555.703587751284,55.570358775128
24,167,2309.016701013463,230.901670101346
24,168,147.044586482013,14.704458648201
24,169,41.439688551469,4.143968855147
24,170,182.093907716610,18.209390771661
24,171,50.974825179432,5.097482517943
24,172,537.600199083789,53.760019908379
24,173,55.786397639528,5.578639763953
24,174,404.528267594316,40.452826759432
24,175,183.412825473962,18.341282547396
24,176,531.491277308136,53.149127730814
24,177,679.566473320256,67.956647332026
24,178,768.153041116829,76.815304111683
24,179,410.005218942466,41.000521894247
24,180,383.476110945220,38.347611094522
24,181,347.645800957970,34.764580095797
24,182,627.616392583727,62.761639258373
24,183,283.915278636668,28.391527863667
24,184,560.964779267319,56.096477926732
24,185,320.582760905027,32.058276090503
24,186,480.059367073681,48.005936707368
24,187,66.347694363797,6.634769436380
24,188,60.595406019131,6.059540601913
24,189,110.610963437483,11.061096343748
24,190,198.478306655641,19.847830665564
24,191,276.240080750178,27.624008075018
24,192,137.983653917076,13.798365391708
24,193,39.358484746239,3.935848474624
